from,to,distance
146432008,86758945,0.13329115939271138
146432008,138364797,0.2680417848465879
89946121,109625456,0.2692948518977069
89946121,113651132,0.5396957615693
260108303,676922289,0.2563750384684532
260108303,12294226,0.44256434238458714
260108303,480223670,0.7065359519767733
260108303,480223671,0.012163423728773149
26769444,26769456,0.05858091645979981
26769444,38222060,0.08995576173983147
26769456,38222052,0.4018588723198585
26769456,26769444,0.05858091645979981
745560142,138364797,0.24333673509854564
745560142,796937279,0.0524452192933216
12294226,670977608,0.4494290069626141
12294226,670977610,0.4348922338404833
12294226,260108303,0.44256434238458714
12294226,480223670,0.378240839071745
12294226,480223671,0.43788651924214783
12312660,46595003,0.3846309099187037
12312660,670977540,0.36145195945323966
12312660,670977541,0.14357543377065052
12312665,670977537,0.2309802166067336
12312665,670977538,0.19721074570764335
12312665,670977539,0.140267258050471
12312665,670977540,0.3035115371048995
38219865,86576850,0.0728924797082818
38219865,38219866,0.10186431706526944
38219866,109625456,0.10860185123461095
38219866,38219865,0.10186431706526944
480401512,12304032,0.08145474975977901
480401512,105811779,0.015819716251140117
480401512,276625903,0.02555927396987119
742156397,742156400,0.02329225870624304
742156397,742156398,0.21440811010105956
742156398,742156397,0.21440811010105956
109625456,89946121,0.2692948518977069
109625456,38219866,0.10860185123461095
742156400,742156401,0.02092083268354052
742156400,742156397,0.02329225870624304
742156401,742156400,0.02092083268354052
742156401,742156402,0.00782010592729933
742156402,742156401,0.00782010592729933
742156402,742156412,0.0884195314114674
672424052,85535192,0.5712949152725828
672424052,96299459,0.08791791746141014
672424052,84950004,0.579527747916896
12294261,672127484,0.21593272887192067
12294261,671005421,0.05719317233252281
12294261,671005422,0.05923033789674668
12314741,671005449,0.07935180468555238
12314741,12300733,0.15299024354233193
12314741,671005447,0.16644216419025498
672424053,622160024,0.019531073326532176
672424053,85612050,0.02992674675862545
672424054,649208824,0.11907863640284612
672424054,46595002,0.011631530967405884
672424054,649208812,0.10787208719016836
742156412,742156402,0.0884195314114674
742156412,87789115,0.06691975961160174
742156412,742156428,0.09547014167076694
27420798,672127457,0.1472660456199597
27420798,139260130,0.058800282593548775
27420798,27420802,0.11927600845857954
27420799,742169020,0.4969382088147754
27420799,480415213,0.04356635555533129
27420799,480415215,0.03407992461894665
27420800,27420801,0.07205849763242464
27420800,139260130,0.10808939281911976
27420800,668988421,0.05191601952615759
27420801,27420800,0.07205849763242464
27420801,480415212,0.056206100834574994
26769538,33774130,0.09450157782616563
26769538,672181300,0.05341463766950195
27420802,27420803,0.027480057251477303
27420802,27420798,0.11927600845857954
26769540,117016529,0.0732961128173489
26769540,672181300,0.08212111920601778
26769540,113651126,0.02645498836107478
27420803,27420802,0.027480057251477303
27420803,139260133,0.027260698136117943
27420803,24384271,0.13110798260652393
682588295,586272009,0.24417362372382648
682588295,12292970,0.26707881462745947
742156428,742156412,0.09547014167076694
742156428,742156429,0.008942678477255859
742156429,742156428,0.008942678477255859
742156429,21083900,0.15861783044581554
27490449,4374873,0.11875776048709269
27490449,668988421,0.19407632078154533
231162005,609462572,0.07066060884205141
231162005,671005415,0.05590279222305853
359424152,20007617,0.07978124027156513
359424152,86576850,0.07749278570813051
622160024,85612050,0.0323713839706863
622160024,672424053,0.019531073326532176
12290210,671005432,0.31718130014902146
12290210,32684785,0.4375979929674676
12290210,671005434,0.13228131655327877
12290210,12296683,0.4364091737899881
26769577,117016520,0.10637776436160967
26769577,26769579,0.11089760539149561
26769579,26769577,0.11089760539149561
26769579,113651130,0.03373951319138769
26769579,33774131,0.096397441081857
96991407,86758945,0.04397757563407808
96991407,378054883,0.06676950725318019
96991407,86758957,0.061689484437474455
96991407,670977586,0.030041530461419504
96991407,97827514,0.04708088786564489
96991407,744925020,0.045095902254298936
8845489,96662800,0.09947050288330868
8845489,38222061,0.03483285639428147
278321330,780093409,0.17484743379975057
278321330,71493580,0.22797329546779735
278321330,744635156,0.15954728585673777
278321330,105787727,0.17087817101615416
12304566,86576893,0.3218656533408664
12304566,86576885,0.3220210560629989
12304566,671005429,0.2578503778525003
742408385,670977585,0.09993545542723789
742408385,670977637,0.0935232373060646
44007618,49923413,0.08639406641716021
44007621,49923428,0.12018057431484273
44007621,44007622,0.09230219342402257
12304582,86576888,0.003006164621986581
12304582,86576889,0.4314401557138795
12304582,86576891,0.011983796099179041
44007622,44007621,0.09230219342402257
12302542,480411979,0.26291104933142795
12302542,745719087,0.39198207547190056
378054878,85612050,0.08505338774441863
378054878,86758955,0.12214593092513672
378054878,670977637,0.12619051196394826
38222049,21088657,0.1511333759563984
38222049,96662803,0.2016916640845388
139260130,27420800,0.10808939281911976
139260130,672127457,0.08874190673958827
139260130,668988421,0.0926184187041524
139260130,27420798,0.058800282593548775
378054883,670977586,0.03827107867264344
378054883,368397012,0.16129215856831347
378054883,96991407,0.06676950725318019
38222052,26769456,0.4018588723198585
38222052,668988422,0.3647910672459617
139260133,480415216,0.0688126164509704
139260133,27420803,0.027260698136117943
139260133,24384271,0.12559747220028544
18768102,96662800,0.15947872902662935
18768102,26102570,0.041169084755797294
18768102,107119843,0.6755360977382248
38222057,123643606,0.09193689584028303
38222057,84921295,0.12109505224098659
38222058,38222060,0.09664220049925988
38222058,84921212,0.08336723059074624
38222060,38222058,0.09664220049925988
38222060,26769444,0.08995576173983147
38222061,8845489,0.03483285639428147
38222061,38222063,0.10619812775355761
38222063,38222061,0.10619812775355761
38222063,49923422,0.1693740202274497
769249520,742401345,0.004169833278138712
769249520,769249521,0.025654562595082926
769249520,654361142,0.042509089674931166
769249521,769249520,0.025654562595082926
769249521,769249522,0.026607719301463578
769249521,21085923,0.17273288462372013
769249522,769249521,0.026607719301463578
769249522,21085923,0.17759841128814333
769249522,671005417,0.13121554881319525
38222078,8845290,0.027516923551501773
38222078,84921219,0.1265629433878588
96510214,671005432,0.21249792818195007
96510214,671005433,0.2237086028086163
96510214,671005434,0.22996611396266534
96510221,368276976,0.08050076716771913
96510221,633478302,0.5208964309357813
139456786,139456818,0.0098704326832144
139456786,86576885,0.013455186385928025
24369433,86576896,0.08428689725563533
24369433,672181284,0.04125279409498479
9277724,96662803,0.7094663717693838
9277724,84921295,0.7075881711652869
20007207,231290326,0.3251272110537533
20007207,86576855,0.13282858541850034
20007209,20007210,0.08304746845203928
20007209,86576854,0.08146594339845281
20007210,86576856,0.09557645163086528
20007210,20007209,0.08304746845203928
609462570,746533657,0.05115627930521925
609462570,132016003,0.0685912285539147
609462570,670977605,0.0971020185844554
609462570,670977606,0.1844186527651662
609462572,671005417,0.21118091595632502
609462572,21085923,0.16334180117707253
609462572,231162005,0.07066060884205141
139456818,139456786,0.0098704326832144
139456818,86576891,0.009622651446523864
139456822,671005424,0.011030535102266035
139456822,671005427,0.009055081641282294
480411979,742509017,0.08004050607163182
480411979,12302542,0.26291104933142795
480411979,480411983,0.00920106228952075
105787724,105787728,0.02527617047274349
105787724,105787730,0.06650961621299951
105787724,105787738,0.010270748763419714
105787725,321078611,0.148158700336095
105787725,278320229,0.4230711713289294
105787727,780093409,0.004303015392736531
105787727,278321330,0.17087817101615416
105787727,780093410,0.08184210007132924
105787727,71493580,0.0745119341652106
105787728,105787731,0.05171409402932162
105787728,105787724,0.02527617047274349
480411983,742509017,0.07858062322633377
480411983,480411979,0.00920106228952075
480411983,49629732,0.04816439712667531
105787730,105787738,0.0725058551923986
105787730,26951251,0.07955574619136697
105787730,105787724,0.06650961621299951
105787731,105787728,0.05171409402932162
105787731,139437767,0.09965615831795765
105787733,105787738,0.02273268178431182
105787733,278320243,0.24351571103075964
105787733,139437767,0.11594366093439085
4374873,86576857,0.1017135413186175
4374873,27490449,0.11875776048709269
105787738,105787730,0.0725058551923986
105787738,105787724,0.010270748763419714
105787738,105787733,0.02273268178431182
12298599,12292025,0.4401746956518047
12298599,672181293,0.4619619066810432
12298599,671005423,0.46361169325507245
21088657,38222049,0.1511333759563984
21088657,21087543,0.45026796422034887
286652820,633478302,0.7423006794561456
286652820,12303982,0.7774674073823676
95281572,112411986,0.09098918391558022
95281572,12298909,0.07984646710689272
21084586,12304155,0.36525472756815924
21084586,12304147,0.43548442849963254
480223670,670977579,0.5388197292466103
480223670,139644911,1.0725852035421284
480223670,260108303,0.7065359519767733
480223670,12294226,0.378240839071745
480223670,480223671,0.707634184757224
480223671,12294226,0.43788651924214783
480223671,480223670,0.707634184757224
480223671,260108303,0.012163423728773149
742169020,480415215,0.46293868507321234
742169020,742169021,0.2682489715719224
742169020,27420799,0.4969382088147754
12300733,671005445,0.17325661773544088
12300733,12314741,0.15299024354233193
12300733,671005446,0.10663115443824543
12300733,671005447,0.22745180304639415
742169021,742176659,0.05786508477943175
742169021,742169020,0.2682489715719224
649210303,670977578,0.16866932627451206
649210303,46594979,0.17989274072404027
649210303,12287389,0.5415995023266309
649210303,670977574,0.13614770034311122
649210305,649210306,0.8624076451738225
649210305,12289648,0.77281462607349
649210305,121646779,0.5944835815110451
649210306,649210305,0.8624076451738225
649210306,670977575,0.3699682650364257
649210306,676922289,0.143112415730011
96299459,85535192,0.487396177898624
96299459,672424052,0.08791791746141014
96299459,96299470,0.09195180631517755
33810886,676922290,0.037690419773320084
33810886,676922286,0.03428359385668073
96299467,670977580,0.03773699954521185
96299467,12313149,0.03232517638426515
96299470,96299459,0.09195180631517755
96299470,649208836,0.03350140736974585
96299470,670977566,0.03759564885981339
12313041,12319360,0.10376620141699855
12313041,12304033,0.0968182782131396
12313041,105778698,0.0873834544381098
12313041,670354681,0.1299673107614524
85535187,85535193,0.8110444676389257
85535192,96299459,0.487396177898624
85535192,672424052,0.5712949152725828
85535193,86576920,0.202528724836344
85535193,85535187,0.8110444676389257
742509017,480411979,0.08004050607163182
742509017,86758957,0.14948065521520826
742509017,480411983,0.07858062322633377
672127457,139260130,0.08874190673958827
672127457,27420798,0.1472660456199597
276625897,276625898,0.3855383095786411
276625897,670354678,0.28514177082891234
276625897,121646774,0.396192151672231
276625897,276625911,0.24703490968538602
276625898,276625897,0.3855383095786411
276625898,112411986,0.10582104268782501
276625898,121646774,0.24509891372819737
12284395,95430002,0.01168875234246253
12284395,767450475,0.22645543992789025
12284395,95429989,0.18410788845098963
12296683,671005434,0.31002790175290906
12296683,12290210,0.4364091737899881
12296683,85611108,0.6660281319431219
12296683,670991422,0.3912904854702974
276625901,89514585,0.03393545005486125
276625901,276625902,0.03283470140424528
276625902,89514579,0.015954776683018566
276625902,276625901,0.03283470140424528
276625902,276625911,0.17496532563407702
276625903,480401512,0.02555927396987119
276625903,105811779,0.011961892948414385
276625903,276625909,0.09502289911046713
276625905,12299048,0.06622420986949884
276625905,276625907,0.048749857660828594
276625905,670354683,0.025654851889541728
276625906,670354683,0.049550816775581444
276625906,440003893,0.02348375107525429
276625907,12299048,0.1137162000392589
276625907,276625905,0.048749857660828594
276625907,276625908,0.25181424292002114
276625907,440003893,0.04905196337894186
276625908,672181261,0.4274931754379828
276625908,276625907,0.25181424292002114
276625908,440003893,0.20344291329830547
276625909,12299048,0.11621941556744783
276625909,105811779,0.10081806894407397
276625909,276625903,0.09502289911046713
276625910,89514584,0.03934786639049125
276625910,89514585,0.042748621340440225
276625910,12292650,0.04389679546525455
276625911,276625897,0.24703490968538602
276625911,670354678,0.1274816324470997
276625911,89514579,0.16463262968216988
276625911,276625902,0.17496532563407702
716689913,46614001,0.4178700553433604
716689913,347962249,0.25339163803470427
716689913,671005423,0.28166230052195784
672127484,105911577,0.6277530593011824
672127484,419497748,0.30344609767654285
672127484,12294261,0.21593272887192067
59470365,191907746,0.0052376706302746795
59470365,670977587,0.05256681582956457
59470365,670977586,0.04120642175712031
49629732,121646775,0.37677706293933183
49629732,480411983,0.04816439712667531
12292650,89514585,0.00722527038212622
12292650,89514579,0.04875631440343687
12292650,276625910,0.04389679546525455
33774130,26769538,0.09450157782616563
33774130,46613951,0.11345990170432277
33774131,46613952,0.059146194579536064
33774131,113651130,0.06453610926039073
33774131,26769579,0.096397441081857
654361141,21085923,0.18562629444743614
654361141,12305577,0.02669978910079253
654361141,671005417,0.1393828977162362
654361141,671005421,0.056141515836366514
654361141,671005422,0.053751244303404624
654361142,769249520,0.042509089674931166
654361142,105911561,0.1736485807740507
654361142,742401345,0.04287250609664459
12313149,12271513,0.03394414965945123
12313149,96299467,0.03232517638426515
97825343,12289648,0.20013689966980328
97825343,26951227,0.030543687725228686
97825346,97825350,0.1450419912772774
97825346,12289654,0.22076632301341637
462129732,257824631,0.03014277103145876
462129732,46595076,0.35473449831269294
462129732,97811087,0.10162063376439841
97825350,97825346,0.1450419912772774
97825350,278320246,0.06513237788127596
97825350,278320247,0.06209649158029936
97825351,672181260,0.09323924987565235
97825351,672181261,0.20238719199624786
43960905,43960906,0.10374395777076148
43960906,672181288,0.2844926889385448
43960906,43960905,0.10374395777076148
89514576,89514584,0.023241690164618006
89514576,139632136,0.3207141467212558
89514579,12292650,0.04875631440343687
89514579,276625902,0.015954776683018566
89514579,276625911,0.16463262968216988
89514584,89514576,0.023241690164618006
89514584,276625910,0.03934786639049125
89514585,12292650,0.00722527038212622
89514585,276625901,0.03393545005486125
89514585,276625910,0.042748621340440225
33800796,86576862,0.34019169664839677
85611101,85611108,0.14433517152494615
85611101,95429989,0.1683748416909264
110998110,278320240,0.3724081391326903
110998110,670977609,0.9085431147310552
110998110,71493580,0.46697926969397113
110998110,278320229,0.3961042390405612
85611108,12296683,0.6660281319431219
85611108,85611101,0.14433517152494615
85611108,670991422,0.3435698777834173
12298874,121646777,0.4815647423674956
12298874,46595053,0.231660757207917
12298874,670977579,0.7485299186007088
12298874,46595003,0.5880184754224711
97811068,742440383,0.32133219165577176
12298880,95186235,0.45559189369416825
12298880,121646774,0.18263252184987963
12298880,32684783,0.03920514290130239
12319360,670991480,0.03741290906931817
12319360,12313041,0.10376620141699855
12319360,670354682,0.0367978375233546
12319360,670354681,0.03345564082902003
33800838,117016526,0.1623987457346542
33800838,672181295,0.3654718101840699
97811086,97811087,0.16525755338909168
97811086,742440383,0.10355018722768089
97811087,462129732,0.10162063376439841
97811087,97811086,0.16525755338909168
97811087,257824631,0.13001083274036346
33800851,670977535,0.21204346303352048
33800851,670977580,0.07139284815352358
33800851,670977581,0.0717371313633735
33800851,670977583,0.114867993352559
273113750,32925591,0.22657953714463777
12298909,112411979,0.0351762661666963
12298909,95281572,0.07984646710689272
97827514,86758945,0.0721900073274563
97827514,86758957,0.07033842432082059
97827514,96991407,0.04708088786564489
97827514,744925020,0.004867334133710591
97827514,744925021,0.07540653737170043
20007617,359424152,0.07978124027156513
20007617,86576847,0.15744971177636977
12309202,46594978,0.45488023316120757
12309202,12292970,0.24278051498714576
12309202,12303690,0.1924066297138643
12309202,649208824,0.45991535726184113
12309202,670977566,0.44128809932857976
368397012,378054883,0.16129215856831347
368397012,121646780,0.19702563790692645
746654421,23716796,0.24489373402536138
746654421,256021557,0.2824042832362277
746654421,670991422,0.27582628643065715
12280542,49024496,0.1388295702626188
12280542,670354681,0.11504772236348247
12280542,670354682,0.1194490016009198
671005415,132015985,0.04557885297866789
671005415,670977605,0.08457892284275498
671005415,231162005,0.05590279222305853
671005417,671005421,0.1950109346589284
671005417,769249522,0.13121554881319525
671005417,609462572,0.21118091595632502
671005417,654361141,0.1393828977162362
671005421,671005417,0.1950109346589284
671005421,654361141,0.056141515836366514
671005421,12294261,0.05719317233252281
671005421,671005422,0.008409747389557245
671005422,21085923,0.23553586015459557
671005422,12305577,0.055293818747086165
671005422,671005421,0.008409747389557245
671005422,654361141,0.053751244303404624
671005422,12294261,0.05923033789674668
32684783,12298880,0.03920514290130239
32684783,95186209,0.056528859376771545
32684783,95186235,0.4596540894870339
671005423,347962249,0.49364185361963914
671005423,672181293,0.24447788891445224
671005423,716689913,0.28166230052195784
671005423,12298599,0.46361169325507245
32684785,671005432,0.3198026231491443
32684785,260760657,0.3994671120964465
32684785,12290210,0.4375979929674676
32684785,260760656,0.3035296119130605
671005424,86576893,0.01116230829715217
671005424,139456822,0.011030535102266035
671005427,86576888,0.009861673693603091
671005427,139456822,0.009055081641282294
671005429,672181294,0.19648739431946805
671005429,12304566,0.2578503778525003
671005432,32684785,0.3198026231491443
671005432,12290210,0.31718130014902146
671005432,671005433,0.09763664506045656
671005432,96510214,0.21249792818195007
671005433,12315588,0.4972759422680864
671005433,96510214,0.2237086028086163
671005433,671005432,0.09763664506045656
671005433,670977534,0.3041668817750679
671005433,670977535,0.2641247998262271
671005434,12290210,0.13228131655327877
671005434,12296683,0.31002790175290906
671005434,96510214,0.22996611396266534
671005443,671005451,0.0726148974255572
671005443,12292970,0.33802311027152876
671005443,671005450,0.06312335132028872
671005443,671005444,0.10825185234809244
671005444,848783122,0.05336917828577429
671005444,12292970,0.2912184488892133
671005444,671005443,0.10825185234809244
671005445,649208812,0.2644315253273739
671005445,12300733,0.17325661773544088
671005445,671005446,0.12929066900764538
671005446,46595052,0.030265518881333307
671005446,671005445,0.12929066900764538
671005446,12300733,0.10663115443824543
671005447,12303690,0.9474727500166064
671005447,12314741,0.16644216419025498
671005447,12300733,0.22745180304639415
671005449,586272009,0.15741455235365093
671005449,12314741,0.07935180468555238
671005450,671005451,0.04203434103410583
671005450,671005443,0.06312335132028872
671005450,12281636,0.1573716436358562
671005451,671005450,0.04203434103410583
671005451,671005443,0.0726148974255572
671005451,676922286,0.04429108111627356
671005451,676922287,0.04073134564185341
24384271,86576845,0.08948395969134895
24384271,27420803,0.13110798260652393
24384271,139260133,0.12559747220028544
744635155,12275208,0.11407534777653805
744635155,744635156,0.09248383429753014
744635156,278321330,0.15954728585673777
744635156,744635155,0.09248383429753014
671005464,672181282,0.11568406543900397
671005464,139644907,0.5524780367808559
671005464,321078610,0.5250340746311514
671005464,768038131,0.11836080520826306
671005464,12304147,0.48892284069104774
671005465,12300010,0.23258558151681283
671005465,671005466,0.07166366181600754
671005465,97826772,0.14644080752067934
671005466,671005465,0.07166366181600754
671005466,97826772,0.1319291860581992
671005466,46595053,1.2385388902785943
746533657,609462570,0.05115627930521925
746533657,746533658,0.10340909058055325
746533657,670977606,0.14782783221744344
746533658,746533657,0.10340909058055325
746533658,132016003,0.009121852681668041
12299048,276625905,0.06622420986949884
12299048,276625907,0.1137162000392589
12299048,276625909,0.11621941556744783
26102570,107119843,0.6565960119886971
26102570,84921212,0.13408599761605852
26102570,18768102,0.041169084755797294
671005487,671005488,0.017246702394108263
671005487,671005490,0.01264644222337342
671005487,97826772,0.07432371561428257
671005488,671005489,0.08058044468550796
671005488,671005490,0.020071016744868945
671005488,97826772,0.08554481361641812
671005488,671005487,0.017246702394108263
671005489,671005488,0.08058044468550796
671005489,671005490,0.08523462496520372
671005489,139644911,0.4355108441050161
671005490,671005488,0.020071016744868945
671005490,671005489,0.08523462496520372
671005490,671005487,0.01264644222337342
84949820,86576929,0.077510700862207
84949820,46595180,0.0324269243310791
84949825,86576920,0.23703115659281754
84949825,86576921,0.5615847665334762
12282712,12318408,0.33797594955016047
12282712,121646777,0.4589854273037204
12282712,670977583,0.4328019548138117
12292970,12309202,0.24278051498714576
12292970,671005443,0.33802311027152876
12292970,671005444,0.2912184488892133
12292970,682588295,0.26707881462745947
761451373,12304032,0.07863872736902952
761451373,761451374,0.22531355672402478
761451374,761451373,0.22531355672402478
761451374,672181277,0.3003631562264185
761451374,21087566,0.29562380367664176
84921212,38222058,0.08336723059074624
84921212,26102570,0.13408599761605852
84921219,123643606,0.11180244021655862
84921219,38222078,0.1265629433878588
347962249,716689913,0.25339163803470427
347962249,672181289,0.3159136007327532
347962249,671005423,0.49364185361963914
95705994,12285488,0.0571841698481341
26973085,112411974,0.0849867855396511
26973085,26973087,0.05574437249870889
107101086,278320236,0.09221584036809538
107101086,278320238,0.09139296252581242
107101086,278320240,0.129197348412136
107101086,26951253,0.06441159569811442
107101086,85688189,0.027093750691583082
26973087,670977579,0.5319955494599773
26973087,26973085,0.05574437249870889
46594978,12309202,0.45488023316120757
46594978,46594979,0.08074264965462424
46594979,46594978,0.08074264965462424
46594979,670977574,0.13902049086346668
46594979,649210303,0.17989274072404027
676922286,671005451,0.04429108111627356
676922286,33810886,0.03428359385668073
676922286,676922287,0.00684809149710706
24368047,86576904,0.07237942636353295
24368047,86576908,0.30870382052660394
24368047,672181286,0.04064059900144032
676922287,676922288,0.0346375971028945
676922287,671005451,0.04073134564185341
676922287,676922286,0.00684809149710706
676922288,24563638,0.03922852748601629
676922288,676922287,0.0346375971028945
676922289,649210306,0.143112415730011
676922289,676922290,0.1722470033528551
676922289,24563638,0.17373065020663658
676922289,260108303,0.2563750384684532
676922290,676922289,0.1722470033528551
676922290,33810886,0.037690419773320084
676922290,24563638,0.006040067735344157
46595002,670977578,0.3217176525258129
46595002,672424054,0.011631530967405884
46595003,12298874,0.5880184754224711
46595003,670977579,0.5266677546445296
46595003,12312660,0.3846309099187037
46595003,670977541,0.44051610106528055
23716796,746654421,0.24489373402536138
23716796,670977585,0.38110812444626646
23716796,260760656,0.6820480173530142
23716796,256021557,0.41988430676418464
12315588,46595184,0.47872666362311905
12315588,671005433,0.4972759422680864
12315588,670977534,0.7890133571511341
12315588,670977535,0.3992982176594137
84921295,38222057,0.12109505224098659
84921295,96662803,0.0051227485340530335
84921295,9277724,0.7075881711652869
46595052,46595053,1.305494020416191
46595052,671005446,0.030265518881333307
46595053,670977540,0.5886267916066624
46595053,46595052,1.305494020416191
46595053,12298874,0.231660757207917
46595053,671005466,1.2385388902785943
46595053,12287389,1.105428893285611
649208812,649208824,0.2269288834515082
649208812,671005445,0.2644315253273739
649208812,672424054,0.10787208719016836
84950004,672424052,0.579527747916896
84950004,86576919,0.2836060081509677
649208824,649208812,0.2269288834515082
649208824,12309202,0.45991535726184113
649208824,672424054,0.11907863640284612
649208824,670977566,0.1377849055585883
46595075,480214050,0.04988349776215643
46595075,480214052,0.023242006155895188
46595076,480214049,0.41982936652278147
46595076,462129732,0.35473449831269294
649208836,649208842,0.14627092855199275
649208836,96299470,0.03350140736974585
649208836,670977566,0.07093926474932813
668988421,27420800,0.05191601952615759
668988421,27490449,0.19407632078154533
668988421,139260130,0.0926184187041524
668988422,38222052,0.3647910672459617
668988422,21087566,0.16611753777596105
668988424,108971273,0.4098413882695612
668988424,672181277,0.07597802282158463
668988424,21087543,0.4762911702405635
649208842,649208836,0.14627092855199275
649208842,12282957,0.11914768156428891
672181260,12285488,0.062346958661815256
672181260,97825351,0.09323924987565235
672181261,276625908,0.4274931754379828
672181261,97825351,0.20238719199624786
672181277,668988424,0.07597802282158463
672181277,108971273,0.45314844062103743
672181277,761451374,0.3003631562264185
672181277,21087566,0.06890376001269542
672181280,758955768,0.11312659868105396
672181280,87789115,0.4017806940692053
672181280,12304155,0.2633780867871492
672181280,12304141,0.10076907151044433
480214049,480214050,0.05883735649739262
480214049,46595076,0.41982936652278147
480214050,480214049,0.05883735649739262
480214050,46595075,0.04988349776215643
672181282,671005464,0.11568406543900397
672181282,321078611,0.023930270460172296
672181282,12304147,0.47841366239789196
480214052,46595075,0.023242006155895188
480214052,480214053,0.023017971964105263
480214053,480214052,0.023017971964105263
480214053,12287389,0.3380523313310583
672181283,86576904,0.15053336020053834
672181283,321078610,0.34555507503218275
672181283,672181284,0.12041077225452287
672181284,24369433,0.04125279409498479
672181284,321078610,0.3457787384950376
672181284,672181283,0.12041077225452287
672181285,86576896,0.0423227343169409
672181285,46613945,0.0707477091849487
672181285,86576895,0.034238573792069044
672181286,86576907,0.10915279473462966
672181286,86576908,0.3470254748435165
672181286,24368047,0.04064059900144032
672181288,672181289,0.3444826498742914
672181288,43960906,0.2844926889385448
672181289,672181288,0.3444826498742914
672181289,347962249,0.3159136007327532
672181290,12292025,0.23577876775129655
672181290,46614001,0.3588351834358513
672181290,46613999,0.08056508270765822
672181293,20006064,0.12942488863954132
672181293,671005423,0.24447788891445224
672181293,12298599,0.4619619066810432
672181294,671005429,0.19648739431946805
672181294,672181295,0.24715147365863294
672181294,670977534,0.4809813042541068
672181294,368799415,0.20666978320740229
672181295,672181294,0.24715147365863294
672181295,670977534,0.3197768269140733
672181295,33800838,0.3654718101840699
672181295,368799415,0.31146035062092187
672181296,46595169,0.13493193939748957
672181296,86576915,0.06693833168310881
672181296,46595174,0.030588049086950606
672181297,46595176,0.02168972942196146
672181297,12271510,0.04805257372051424
672181297,46595167,0.13536075298115463
672181299,113651128,0.21007334406927397
672181299,231290326,0.5339392317009682
672181300,26769538,0.05341463766950195
672181300,26769540,0.08212111920601778
672181300,113651126,0.05740920176685005
256021557,670977592,0.7799158738967925
256021557,23716796,0.41988430676418464
256021557,746654421,0.2824042832362277
670991422,12296683,0.3912904854702974
670991422,85611108,0.3435698777834173
670991422,746654421,0.27582628643065715
670991422,257824631,0.28160819772434076
796937278,742176661,0.43395465534968475
796937278,796937279,0.37802517893837423
796937279,796937278,0.37802517893837423
796937279,745560142,0.0524452192933216
12282957,649208842,0.11914768156428891
12282957,848783122,0.04926308264341179
260760656,260760657,0.14955543760443418
260760656,670977585,0.49293069254732136
260760656,32684785,0.3035296119130605
260760656,368799415,0.6951903430562816
260760656,23716796,0.6820480173530142
260760657,260760656,0.14955543760443418
260760657,32684785,0.3994671120964465
260760657,121646780,0.1345246153267926
46595162,46595163,0.07895975181933383
46595162,86576910,0.04951734350393207
46595163,46595168,0.08387662090720908
46595163,46595162,0.07895975181933383
46595164,46595171,0.08269774964270091
46595164,46595165,0.05631010617522554
46595165,46595164,0.05631010617522554
46595165,86576911,0.11470503464988749
46595167,672181297,0.13536075298115463
46595167,46595170,0.11459129959146303
46595167,12271510,0.08781495358434753
46595168,46595169,0.11010182400742125
46595168,46595163,0.08387662090720908
46595169,46595168,0.11010182400742125
46595169,672181296,0.13493193939748957
46595169,86576915,0.06832405586853438
46595170,46595171,0.08345586169382599
46595170,46595167,0.11459129959146303
46595171,46595170,0.08345586169382599
46595171,46595164,0.08269774964270091
278320229,278320240,0.31273774824367473
278320229,71493580,0.24981407223007604
278320229,105787725,0.4230711713289294
278320229,110998110,0.3961042390405612
46595174,672181296,0.030588049086950606
46595174,46595175,0.08811211153443761
46595175,46595180,0.06746743626104125
46595175,46595174,0.08811211153443761
46595176,672181297,0.02168972942196146
46595176,46595178,0.07207724151095721
46595178,46595176,0.07207724151095721
46595178,46595179,0.07860846099751616
46595179,46595178,0.07860846099751616
46595179,86576925,0.03932018000813801
46595180,84949820,0.0324269243310791
46595180,46595175,0.06746743626104125
278320235,780093410,0.06794004457109579
278320235,278320236,0.08862186524443559
278320236,278320235,0.08862186524443559
278320236,85688189,0.08032094441219108
278320236,107101086,0.09221584036809538
46595183,46595184,0.060878511103753315
46595183,670977537,0.038409793143134405
46595184,12315588,0.47872666362311905
46595184,46595183,0.060878511103753315
278320238,278320240,0.21587543187779365
278320238,85688189,0.07679777980532404
278320238,26951253,0.027038151076518843
278320238,107101086,0.09139296252581242
278320240,278320229,0.31273774824367473
278320240,110998110,0.3724081391326903
278320240,71493580,0.14729300490399325
278320240,278320238,0.21587543187779365
278320240,26951253,0.18940700397931598
278320240,107101086,0.129197348412136
278320242,278320249,0.01785011349196402
278320242,278320243,0.3016325081235232
278320242,278320247,0.009499651293509014
278320243,278320249,0.2985987385097966
278320243,278320242,0.3016325081235232
278320243,105787733,0.24351571103075964
278320243,139437767,0.2712716675008545
278320246,278320249,0.005902358202270308
278320246,97825350,0.06513237788127596
278320246,278320247,0.012665572299349472
278320247,278320246,0.012665572299349472
278320247,278320242,0.009499651293509014
278320247,97825350,0.06209649158029936
670991480,12319360,0.03741290906931817
670991480,670354682,0.05361020673602795
670991480,12315982,0.10514267735252193
278320249,278320242,0.01785011349196402
278320249,278320243,0.2985987385097966
278320249,278320246,0.005902358202270308
670991485,670991488,0.18287578721048497
670991485,12315982,0.2021351850370672
670991488,49024496,0.1190858446143588
670991488,670991485,0.18287578721048497
633478302,286652820,0.7423006794561456
633478302,96510221,0.5208964309357813
649594024,368276976,0.07505945702513116
649594024,670977587,0.07729699269035456
649594024,86758955,0.08426672320925332
649594024,744925021,0.06863452247599364
12305577,742401345,0.025737597605238974
12305577,21085923,0.18114516228849
12305577,654361141,0.02669978910079253
12305577,671005422,0.055293818747086165
96699562,276604506,0.12584660115262267
96699562,649211196,0.15310277504326017
96699562,276604503,0.12640752970327318
20006064,86576889,0.4591181209102021
20006064,672181293,0.12942488863954132
12287176,670977592,0.48017471723061517
12287176,12303982,0.411459378148154
107119843,26102570,0.6565960119886971
107119843,18768102,0.6755360977382248
670354674,276604506,0.00988970882402508
670354674,276604508,0.1714356544788436
670354674,276604503,0.008707224703381056
670354675,670354680,0.012403087682261244
670354675,670354679,0.011065409909789806
670354676,670354680,0.01487177425305387
670354676,670354678,0.06138853116437275
670354676,670354679,0.013576392396970805
768038131,671005464,0.11836080520826306
768038131,12300010,0.1630452676904033
768038131,139644907,0.5301965002760635
768038131,321078610,0.4100362373980978
670354678,276625897,0.28514177082891234
670354678,670354679,0.07124016737717319
670354678,670354676,0.06138853116437275
670354678,276625911,0.1274816324470997
670354679,670354675,0.011065409909789806
670354679,670354676,0.013576392396970805
670354679,670354678,0.07124016737717319
670354680,670354675,0.012403087682261244
670354680,670354676,0.01487177425305387
670354681,12319360,0.03345564082902003
670354681,12313041,0.1299673107614524
670354681,670354682,0.01824729134685379
670354681,12280542,0.11504772236348247
670354682,12319360,0.0367978375233546
670354682,670354681,0.01824729134685379
670354682,670991480,0.05361020673602795
670354682,12280542,0.1194490016009198
670354683,276625905,0.025654851889541728
670354683,276625906,0.049550816775581444
83672320,480218559,0.11118042577618314
108971273,668988424,0.4098413882695612
108971273,139632136,0.8261912404107826
108971273,672181277,0.45314844062103743
105911561,321078621,0.19041883468684034
105911561,654361142,0.1736485807740507
586272009,671005449,0.15741455235365093
586272009,682588295,0.24417362372382648
96662800,8845489,0.09947050288330868
96662800,18768102,0.15947872902662935
96662803,38222049,0.2016916640845388
96662803,9277724,0.7094663717693838
96662803,84921295,0.0051227485340530335
105911577,672127484,0.6277530593011824
105911577,419497748,0.3310976922823398
95186209,32684783,0.056528859376771545
763049253,121646779,0.12670503462262067
763049253,112411974,0.07940750859953773
745719087,745719088,0.03010251853944038
745719087,12302542,0.39198207547190056
745719088,745719087,0.03010251853944038
440003893,276625906,0.02348375107525429
440003893,276625907,0.04905196337894186
440003893,276625908,0.20344291329830547
21087543,668988424,0.4762911702405635
21087543,21088657,0.45026796422034887
95186235,12298880,0.45559189369416825
95186235,32684783,0.4596540894870339
649211196,96699562,0.15310277504326017
742401345,769249520,0.004169833278138712
742401345,12305577,0.025737597605238974
742401345,654361142,0.04287250609664459
112411974,763049253,0.07940750859953773
112411974,26973085,0.0849867855396511
12303690,671005447,0.9474727500166064
12303690,12309202,0.1924066297138643
112411979,121646779,0.08270796021642729
112411979,12298909,0.0351762661666963
12315982,670991480,0.10514267735252193
12315982,670991485,0.2021351850370672
21087566,761451374,0.29562380367664176
21087566,672181277,0.06890376001269542
21087566,668988422,0.16611753777596105
112411986,276625898,0.10582104268782501
112411986,95281572,0.09098918391558022
321078610,672181283,0.34555507503218275
321078610,672181284,0.3457787384950376
321078610,139644907,0.5472294357926003
321078610,768038131,0.4100362373980978
321078610,671005464,0.5250340746311514
321078611,672181282,0.023930270460172296
321078611,105787725,0.148158700336095
49923413,44007618,0.08639406641716021
49923413,49923422,0.13264746936079938
12301654,670977608,0.009097137166927394
12301654,670977609,0.5222808555510688
12301654,670977610,0.011145647545569093
321078620,758955768,0.17356473206211398
321078620,321078621,0.16356148156974035
321078621,105911561,0.19041883468684034
321078621,321078620,0.16356148156974035
49923422,49923413,0.13264746936079938
49923422,38222063,0.1693740202274497
480355681,49624546,0.2487804853053506
49923428,49923429,0.15930683613329816
49923428,44007621,0.12018057431484273
49923429,8845290,0.08891294126618926
49923429,49923428,0.15930683613329816
95429989,95430002,0.18148083159917383
95429989,12284395,0.18410788845098963
95429989,85611101,0.1683748416909264
767450475,95430002,0.22867183423952997
767450475,12284395,0.22645543992789025
95430002,12284395,0.01168875234246253
95430002,95429989,0.18148083159917383
95430002,767450475,0.22867183423952997
12287389,670977578,0.4232032166407418
12287389,480214053,0.3380523313310583
12287389,46595053,1.105428893285611
12287389,649210303,0.5415995023266309
119578018,670977538,0.11255971491703186
119578018,119578109,0.14006434104258794
46613942,86576894,0.10044546455120597
46613942,46613943,0.07039193428155548
46613943,86576898,0.26656848883107365
46613943,46613942,0.07039193428155548
113651128,672181299,0.21007334406927397
113651128,113651126,0.10366605488930296
46613944,86576897,0.06258489668399243
46613944,46613945,0.09363525200096534
113651130,33774131,0.06453610926039073
113651130,113651132,0.16539706486095052
113651130,26769579,0.03373951319138769
46613945,46613944,0.09363525200096534
46613945,86576896,0.02893963955870058
46613945,672181285,0.0707477091849487
113651132,89946121,0.5396957615693
113651132,113651130,0.16539706486095052
113651126,113651128,0.10366605488930296
113651126,26769540,0.02645498836107478
113651126,672181300,0.05740920176685005
46613950,86576882,0.06970698066583245
46613950,46613951,0.05767386070871242
46613951,33774130,0.11345990170432277
46613951,46613950,0.05767386070871242
46613952,33774131,0.059146194579536064
46613952,46613957,0.06607062825072273
480218559,83672320,0.11118042577618314
480218559,480218560,0.09800448730578555
480218560,49624546,0.40624886774058366
480218560,480218559,0.09800448730578555
742440383,97811068,0.32133219165577176
742440383,97811086,0.10355018722768089
46613957,46613952,0.06607062825072273
46613957,86576881,0.2504091765016411
46613961,117016529,0.02356258248214457
46613961,46613962,0.0628899896190553
46613962,46613961,0.0628899896190553
46613962,86576867,0.10470766771538448
46613963,86576866,0.08031242021800833
46613963,46613964,0.018644691650175762
46613964,117016520,0.0985252240131111
46613964,46613963,0.018644691650175762
231290326,672181299,0.5339392317009682
231290326,20007207,0.3251272110537533
105778652,276604508,0.22884538638366056
105778652,32925591,0.06712342208233783
49624546,480218560,0.40624886774058366
49624546,480355681,0.2487804853053506
480415212,27420801,0.056206100834574994
480415212,480415213,0.036996212676379585
480415213,480415212,0.036996212676379585
480415213,27420799,0.04356635555533129
46613999,672181290,0.08056508270765822
46613999,87789115,0.28030478948921633
49024496,670991488,0.1190858446143588
49024496,12280542,0.1388295702626188
46614001,12292025,0.33025224238583073
46614001,672181290,0.3588351834358513
46614001,716689913,0.4178700553433604
368276976,649594024,0.07505945702513116
368276976,86758955,0.0207098521021706
368276976,96510221,0.08050076716771913
480415215,480415216,0.04299729316247333
480415215,742169020,0.46293868507321234
480415215,27420799,0.03407992461894665
480415216,139260133,0.0688126164509704
480415216,480415215,0.04299729316247333
119578109,119578018,0.14006434104258794
119578109,670977539,0.0860682715165594
