from,to,distance
139470177,24163970,0.21448437383792215
139470177,4350444,0.04484075708728739
139470177,93788349,0.40090974355965187
4350444,139470177,0.04484075708728739
4350444,35209515,0.271958815309659
35209515,4350444,0.271958815309659
35209515,35209605,0.4465460169362385
4350451,347697410,0.6229038861669721
4350451,24137110,0.5846603464434628
24137110,4350451,0.5846603464434628
24137110,670269494,0.1700741352602969
347697410,347697409,0.10388929996566727
347697410,4350451,0.6229038861669721
4374873,86576857,0.1017135413186175
4374873,27490449,0.11875776048709269
86576857,86576856,0.09479225635173193
86576857,4374873,0.1017135413186175
27490449,4374873,0.11875776048709269
27490449,668988421,0.19407632078154533
4374883,35209497,0.35136683502895494
4374883,139470191,0.37993962611749693
139470191,32814264,0.0758495150804025
139470191,4374883,0.37993962611749693
139470191,77457639,0.12228479762143374
35209497,4374883,0.35136683502895494
35209497,77457615,0.13911616660263715
82507211,82507213,0.07086899798574915
82507211,4374894,0.15198901436284415
4374894,82507211,0.15198901436284415
4374894,26769099,0.12024963038373539
26769099,77457638,0.050772553396332
26769099,4374894,0.12024963038373539
118097905,118097918,0.163046733681076
118097905,4374895,0.4421086549706741
4374895,118097905,0.4421086549706741
4374895,93788323,0.4160545618037835
4374895,5715172,0.41871830086586637
93788323,26769087,0.06665889293709526
93788323,5715172,0.007347575437775601
93788323,4374895,0.4160545618037835
5715172,93788323,0.007347575437775601
5715172,112412942,0.035847070157731406
5715172,4374895,0.41871830086586637
112412942,5715172,0.035847070157731406
112412942,26768885,0.04298045769611165
672181379,167514681,0.03234756970390578
672181379,167515987,0.03217531161510683
672181379,5715384,0.027542220014592472
672181379,396843545,0.05536755392802387
672181379,480349883,0.06220193295546664
396843545,672181379,0.05536755392802387
396843545,167515987,0.05230779713059495
396843545,5715384,0.05784820975569923
396843545,167514681,0.05855998005686259
396843545,139199358,0.4121182054314254
167515987,672181376,0.028643638018748196
167515987,672181379,0.03217531161510683
167515987,167514681,0.006486209157315329
167515987,5715384,0.05748453708656873
167515987,396843545,0.05230779713059495
5715384,396843554,0.14696224386909024
5715384,672181379,0.027542220014592472
5715384,167514681,0.058985979128532214
5715384,167515987,0.05748453708656873
5715384,396843545,0.05784820975569923
167514681,672181379,0.03234756970390578
167514681,167515987,0.006486209157315329
167514681,5715384,0.058985979128532214
167514681,396843545,0.05855998005686259
167514681,672181374,0.029242796876817082
396843554,5715384,0.14696224386909024
396843554,178218633,0.26256646697468955
5717809,5718346,0.23544709218975682
5717809,5717701,0.6318155768804957
5717809,5715438,0.36665036353179836
5717809,672181423,0.36027513192163974
5715438,5717809,0.36665036353179836
5715438,672181450,0.07504766301005404
672181450,5716816,0.5004564977576422
672181450,5715438,0.07504766301005404
31304736,768655280,0.09570304256759725
31304736,671005485,0.09628256994618009
31304736,5715918,0.11336304769856127
671005485,31304736,0.09628256994618009
671005485,139644920,0.18045633796361746
671005485,5715918,0.07938144647913868
5715918,31304736,0.11336304769856127
5715918,131359785,0.07493992057849903
5715918,671005485,0.07938144647913868
131359785,12296201,0.12163208003009579
131359785,5715918,0.07493992057849903
85441393,5719657,1.0914169187124316
85441393,5715947,0.7391406069305213
85441393,97858767,0.649415752514819
5715947,85441393,0.7391406069305213
5715947,672127486,0.1436244756664321
5715947,97858767,0.22797602575866305
97858767,85441393,0.649415752514819
97858767,5715947,0.22797602575866305
97858767,5719313,0.03533349402593485
672127486,5715947,0.1436244756664321
672127486,825073799,0.04660955562064607
48082200,5716002,0.13071797532602794
48082200,106846175,0.35081016544684657
5716002,48082200,0.13071797532602794
5716002,48082202,0.13297107443682576
5716002,48082199,0.17343076872861501
48082202,5716002,0.13297107443682576
48082202,48082198,0.07740470650280291
48082202,48082199,0.07715076633238675
48082199,5716002,0.17343076872861501
48082199,48082202,0.07715076633238675
48082199,672181454,0.07820426122793882
5716160,586000768,0.29485627151030547
5716160,127700882,0.29384213311743246
5716160,49168611,0.26266023930250065
586000768,5716160,0.29485627151030547
586000768,672181480,0.1808455247240784
127700882,5716160,0.29384213311743246
127700882,49168611,0.03181303592264991
127700882,24553968,0.08549938904321988
49168611,5716160,0.26266023930250065
49168611,127700882,0.03181303592264991
49168611,127700879,0.08113395672899441
178872179,5716271,0.18240378708330807
178872179,51217968,0.14633327297280782
178872179,33179313,0.06266918352191043
178872179,33179291,0.07784465535004789
178872179,672181343,0.21500238418528575
672181343,672181507,0.040070020467303395
672181343,178872179,0.21500238418528575
672181343,179049046,0.2107768874857729
672181343,5716271,0.05590728015584745
5716271,178872179,0.18240378708330807
5716271,178313374,0.025146094532003636
5716271,672181343,0.05590728015584745
178313374,178313375,0.05661124487691337
178313374,5716271,0.025146094532003636
5716420,672181384,0.41403642280676856
5716420,672181398,0.2732978842946594
5716420,82485886,0.242659392038519
5716420,5718759,0.447807588052427
5718759,5716420,0.447807588052427
5718759,5718765,0.21171429698636696
672181384,352840642,0.42470151186984434
672181384,5716420,0.41403642280676856
672181384,175532392,0.16689944253325698
672181384,672181398,0.22265745717713478
672181384,82485886,0.31030855974139104
672181398,5716420,0.2732978842946594
672181398,672181384,0.22265745717713478
672181398,672181394,0.12727736136111578
672181398,672181331,0.2021236374181253
672181398,82485886,0.32518174227778684
82485886,672181384,0.31030855974139104
82485886,5716420,0.242659392038519
82485886,82485885,0.11684017227292834
82485886,672181398,0.32518174227778684
5716816,672181450,0.5004564977576422
5716816,53257978,0.29946754595398023
53257978,5716816,0.29946754595398023
53257978,53192313,0.4118254789380027
5716849,672181476,0.07890272910758518
5716849,111646270,0.16225150519820697
5716849,5719372,0.16019603485978176
672181476,5716849,0.07890272910758518
672181476,672181477,0.06869097814539195
672181476,111646270,0.1733928066107721
672181476,672181479,0.007372672548008195
111646270,111646272,0.2932493271029607
111646270,5716849,0.16225150519820697
111646270,111646275,0.2969645505275125
111646270,672181476,0.1733928066107721
5719372,5716849,0.16019603485978176
5719372,595525338,0.0751139107275351
5719372,672181474,0.0753008387488858
5716856,139199353,0.6206499310763418
5716856,672181331,0.657262596365513
5716856,672181332,0.400517097884076
5716856,139470095,0.45535806436739046
672181332,5716856,0.400517097884076
672181332,5717769,0.48670426604318073
672181332,672181333,0.3558388898267735
672181332,139470095,0.5345231954658091
139470095,5716856,0.45535806436739046
139470095,672181332,0.5345231954658091
139470095,5718765,0.45381440734346506
139199353,5716856,0.6206499310763418
139199353,5717769,0.5507447697948553
139199353,672181331,0.2064330358738036
139199353,672181334,0.38567564343326843
672181331,5716856,0.657262596365513
672181331,139199353,0.2064330358738036
672181331,672181394,0.1528187252864275
672181331,672181398,0.2021236374181253
139644920,671005485,0.18045633796361746
139644920,5716989,1.0250806646467627
5716989,139644920,1.0250806646467627
5716989,671005476,0.820456783728257
5716989,85135663,0.7169749221473024
671005476,671005479,0.08358143515516998
671005476,5716989,0.820456783728257
671005476,85135663,0.1168481456278775
85135663,671005477,0.0718729612916709
85135663,671005476,0.1168481456278775
85135663,5716989,0.7169749221473024
5717206,5717598,0.06161026231321607
5717206,5717983,0.08520535745223633
5717983,825073800,0.07888019433074961
5717983,5717206,0.08520535745223633
5717598,5719313,0.048630270649214075
5717598,5717206,0.06161026231321607
5717421,368218222,0.3110104039251146
5717421,5718606,0.35528744394738754
5718606,672181346,0.18498212722662105
5718606,5717421,0.35528744394738754
368218222,53192328,0.34295564702197007
368218222,672181324,0.22170032720683622
368218222,5717421,0.3110104039251146
368218222,672181348,0.16674313973634647
5719313,5717598,0.048630270649214075
5719313,97858767,0.03533349402593485
5717701,5717809,0.6318155768804957
5717701,672181418,0.49618870949015154
5717701,5718355,0.7992088569857023
5717701,672181423,0.6402925635367389
672181423,5717809,0.36027513192163974
672181423,672181426,0.07032861032064067
672181423,5717701,0.6402925635367389
672181423,258140902,0.14914292420587125
672181418,5718355,0.6706171013488622
672181418,139437804,0.24636489707406878
672181418,5717701,0.49618870949015154
672181418,5719190,0.681474340079421
5718355,672181504,0.5845723754009721
5718355,5717701,0.7992088569857023
5718355,672181418,0.6706171013488622
5718355,258419627,0.5127926395569765
5718355,809980755,0.43000204394686264
5718355,60219159,0.021253494464135835
5717769,139199353,0.5507447697948553
5717769,672181332,0.48670426604318073
5717769,672181333,0.43784708547254086
5717769,672181334,0.6207491283203613
672181333,5717769,0.43784708547254086
672181333,672181332,0.3558388898267735
672181333,26768885,0.23496350076898173
672181333,178545638,0.2605191799137682
672181334,672181356,0.1554687495286305
672181334,5717769,0.6207491283203613
672181334,462237292,0.15212331311929506
672181334,139199353,0.38567564343326843
5718346,139437932,0.667671135622931
5718346,5717809,0.23544709218975682
5718346,672181434,0.3395866267053911
5718346,127700884,0.2736904088956782
825073800,825073799,0.06552971107179617
825073800,5717983,0.07888019433074961
24547520,5718005,0.0374553304996548
24547520,28517525,0.06974181558650236
5718005,24547520,0.0374553304996548
5718005,106846175,0.30922148319010945
106846175,48082200,0.35081016544684657
106846175,5718005,0.30922148319010945
5718264,672181484,0.20472709341960063
5718264,5719644,0.3816098944090216
5719644,5718264,0.3816098944090216
5719644,585998234,0.05638911140664611
672181484,5718264,0.20472709341960063
672181484,672181480,0.05958573569241742
672181321,672181356,0.07087799986954563
672181321,5718268,0.07762018950158596
672181321,178551365,0.06422253619335401
672181321,672181324,0.04333382863246954
5718268,672181321,0.07762018950158596
5718268,672181323,0.1414513079716037
5718268,672181324,0.07664041173264631
672181324,672181321,0.04333382863246954
672181324,5718268,0.07664041173264631
672181324,368218222,0.22170032720683622
672181323,5718268,0.1414513079716037
672181323,87490645,0.056969662130390356
672181434,5718346,0.3395866267053911
672181434,127700884,0.4370316660186246
672181434,585998234,0.1997221964853904
127700884,672181434,0.4370316660186246
127700884,258142252,0.3128278966205569
127700884,5718346,0.2736904088956782
127700884,826372254,0.39522319674474593
139437932,5718346,0.667671135622931
139437932,139437804,0.3336348710312529
672181504,5718355,0.5845723754009721
672181504,258419627,0.0722007438711861
672181504,26556029,0.2130113696509994
258419627,672181504,0.0722007438711861
258419627,5718355,0.5127926395569765
258419627,258419628,0.011791123435866791
809980755,5718355,0.43000204394686264
809980755,258140901,0.5878347153375518
809980755,60219159,0.44893061002924917
60219159,258419632,0.019368632024888217
60219159,809980755,0.44893061002924917
60219159,5718355,0.021253494464135835
672181505,51217952,0.3084425393773918
672181505,5718507,0.4866372920705837
5718507,672181505,0.4866372920705837
5718507,258419628,0.6427464910629992
258419628,5718507,0.6427464910629992
258419628,258419627,0.011791123435866791
672181346,5719531,0.1899722941690888
672181346,5718606,0.18498212722662105
672181462,5718639,0.10361834890369177
5718639,672181464,0.1247044501745082
5718639,672181462,0.10361834890369177
5718639,672181463,0.12468261003819293
672181464,672181465,0.06799879145538716
672181464,672181463,0.008267514424382238
672181464,5718639,0.1247044501745082
672181463,672181464,0.008267514424382238
672181463,672181465,0.06798009852444475
672181463,5718639,0.12468261003819293
5718765,139470095,0.45381440734346506
5718765,5718759,0.21171429698636696
5719494,26528183,0.24857304534202448
5719494,5718903,2.0772289154513746
5718903,26528112,1.4424903671120914
5718903,5719494,2.0772289154513746
26528112,512410862,0.9606487180573003
26528112,5718903,1.4424903671120914
672181465,672181464,0.06799879145538716
672181465,5718972,0.34015330505673536
672181465,672181463,0.06798009852444475
5718972,672181465,0.34015330505673536
5718972,139437842,0.385652971127055
5718972,672181467,0.23860911699430776
5718972,672181468,0.28568188874720113
672181468,139437842,0.5402520304372661
672181468,672181467,0.3089128719879661
672181468,5718972,0.28568188874720113
672181468,53021915,0.3778732221092098
139437842,24547680,0.3985803247360474
139437842,672181468,0.5402520304372661
139437842,672181467,0.2329596833748114
139437842,5718972,0.385652971127055
672181467,24553602,0.3496344938864322
672181467,5718972,0.23860911699430776
672181467,139437842,0.2329596833748114
672181467,672181468,0.3089128719879661
672181467,672181469,0.19155927040434434
5719141,68167193,0.29460679234882853
5719141,127700883,0.0732462828395906
5719141,258140900,0.18238534510270007
5719141,52323477,0.11219527426718086
52323477,5719141,0.11219527426718086
52323477,52323478,0.13248655169103032
52323477,26528023,0.07268451499178753
68167193,258140900,0.1958180935419477
68167193,258140901,0.38748494524545835
68167193,5719141,0.29460679234882853
68167193,127700883,0.2664194250681863
68167193,139645023,0.16330719793294834
127700883,68167193,0.2664194250681863
127700883,258140900,0.20923594358338093
127700883,5719141,0.0732462828395906
127700883,26528020,0.0512462647929148
258140900,68167193,0.1958180935419477
258140900,127700883,0.20923594358338093
258140900,5719141,0.18238534510270007
258140900,826372254,0.27067836031722814
480219282,26538108,0.1393381298042836
480219282,5719142,0.09721603088143094
480219282,53192327,0.17252927747927865
26538108,480219282,0.1393381298042836
26538108,5719142,0.04593321929992043
26538108,26538111,0.12317477423883015
5719142,480219282,0.09721603088143094
5719142,26538107,0.1333193468433745
5719142,26538108,0.04593321929992043
26538107,480219397,0.040028768168578845
26538107,5719142,0.1333193468433745
803479801,5719162,0.4087370313760099
803479801,672181366,0.39160958152218456
5719162,803479801,0.4087370313760099
5719162,178218631,0.7608302421277977
178218631,5719162,0.7608302421277977
178218631,803479802,0.266009298162892
178218631,480220591,0.08577715880361693
139437804,672181418,0.24636489707406878
139437804,139437932,0.3336348710312529
139437804,5719190,0.7360459911484665
5719190,672181418,0.681474340079421
5719190,53192331,0.6824883407726232
5719190,139437804,0.7360459911484665
53192331,53192322,0.28618002006730764
53192331,5719190,0.6824883407726232
595525338,672181474,0.014139172573052127
595525338,5719371,0.09087229381284727
595525338,5719372,0.0751139107275351
5719371,672181472,0.08856524597317778
5719371,595525338,0.09087229381284727
5719371,672181474,0.09080558249275192
672181474,595525338,0.014139172573052127
672181474,5719371,0.09080558249275192
672181474,5719372,0.0753008387488858
672181472,672181473,0.06062642377359217
672181472,5719371,0.08856524597317778
672181472,672181470,0.057510087532622454
26528183,672181365,0.29885292179114625
26528183,5719494,0.24857304534202448
5719531,672181346,0.1899722941690888
5719531,82508622,0.11570768898785548
82508622,5719531,0.11570768898785548
82508622,672181348,0.04861341043167011
585998234,672181434,0.1997221964853904
585998234,5719644,0.05638911140664611
5719657,85441393,1.0914169187124316
5719657,366338082,1.9483201147188751
366338082,5719657,1.9483201147188751
366338082,277257194,1.6688248122182068
8845290,49923429,0.08891294126618926
8845290,38222078,0.027516923551501773
49923429,8845290,0.08891294126618926
49923429,49923428,0.15930683613329816
38222078,8845290,0.027516923551501773
38222078,84921219,0.1265629433878588
96662800,8845489,0.09947050288330868
96662800,18768102,0.15947872902662935
8845489,96662800,0.09947050288330868
8845489,38222061,0.03483285639428147
38222061,8845489,0.03483285639428147
38222061,38222063,0.10619812775355761
96662803,38222049,0.2016916640845388
96662803,9277724,0.7094663717693838
96662803,84921295,0.0051227485340530335
9277724,96662803,0.7094663717693838
9277724,107119827,0.4771332514347569
9277724,84921295,0.7075881711652869
84921295,38222057,0.12109505224098659
84921295,96662803,0.0051227485340530335
84921295,9277724,0.7075881711652869
107119827,44410368,0.13764983663771518
107119827,9277724,0.4771332514347569
672181297,46595176,0.02168972942196146
672181297,12271510,0.04805257372051424
672181297,46595167,0.13536075298115463
12271510,672181297,0.04805257372051424
12271510,86576914,0.06574014040339851
12271510,46595167,0.08781495358434753
46595167,672181297,0.13536075298115463
46595167,46595170,0.11459129959146303
46595167,12271510,0.08781495358434753
86576914,670977581,0.06929039181337207
86576914,12271510,0.06574014040339851
12271513,86576915,0.07101972846231316
12271513,12313149,0.03394414965945123
12313149,12271513,0.03394414965945123
12313149,96299467,0.03232517638426515
86576915,672181296,0.06693833168310881
86576915,12271513,0.07101972846231316
86576915,46595169,0.06832405586853438
641937458,180891251,0.09946383428679162
641937458,12272471,0.023102822395429802
12272471,641937458,0.023102822395429802
12272471,180513254,0.07647020505322043
180513254,672030007,0.16408473607786475
180513254,672030005,0.08488375090829234
180513254,672030006,0.06787584046351289
180513254,12272471,0.07647020505322043
12273712,120876464,0.1450162204700847
12273712,670977638,0.11533420571916779
12273712,120876471,0.1405873802101217
120876464,12273712,0.1450162204700847
120876464,670977640,0.018970986372787074
120876464,120876471,0.009004557870903642
120876471,12273712,0.1405873802101217
120876471,120876468,0.031121905454675178
120876471,120876464,0.009004557870903642
670977638,12273712,0.11533420571916779
670977638,262087165,0.4803059467457687
12275208,744635155,0.11407534777653805
12275208,670977607,0.23745479730691899
744635155,12275208,0.11407534777653805
744635155,744635156,0.09248383429753014
670977607,12275208,0.23745479730691899
670977607,670977602,0.3534475036303198
670977607,670977606,0.21691921748175846
12307686,48964995,0.06637816515867354
12307686,12275326,0.18304004148378727
12307686,280534535,0.2164535089356149
12275326,12284472,0.2246322494924615
12275326,12307686,0.18304004148378727
12284472,280534533,0.07389015433441498
12284472,12275326,0.2246322494924615
12275496,480220477,0.1329330544837966
12275496,480220478,0.02063203680625733
12275496,87573775,0.012540354949532402
480220478,12275496,0.02063203680625733
480220478,12292508,0.33130103790579146
480220478,87573775,0.013630664622576913
480220477,12275496,0.1329330544837966
480220477,87316386,0.09748511822436255
480220477,87573775,0.13653862648158605
87573775,12275496,0.012540354949532402
87573775,12292508,0.33027313785042167
87573775,480220477,0.13653862648158605
87573775,480220478,0.013630664622576913
12277493,388083725,0.11475791567455015
12277493,26586703,0.12322814473409507
26586703,12288337,0.10744513823714467
26586703,12277493,0.12322814473409507
388083725,670977485,0.2367328638524985
388083725,12296489,0.10234027528588611
388083725,12277493,0.11475791567455015
388083725,388083726,0.0926094761637257
12278457,103892944,0.0937384193811646
12278457,46529983,0.4056045773493219
46529983,12278457,0.4056045773493219
46529983,46529980,0.2701344660700471
103892944,12278457,0.0937384193811646
103892944,12287259,0.7492111502066177
103892944,672181255,0.035437900719572674
672195040,12278466,0.08897283713881926
672195040,311360645,0.13650148503141574
12278466,672195040,0.08897283713881926
12278810,85688312,0.05384482521357645
12278810,85688307,0.3299247076111443
12278810,672127438,0.08901297098333287
85688307,655124665,1.2623604052928288
85688307,12278810,0.3299247076111443
85688307,672127436,0.994192192376103
85688307,672127438,0.3669661975284178
672127438,12278810,0.08901297098333287
672127438,85688307,0.3669661975284178
672127438,85688308,0.26003626620075165
672127438,672127437,0.11093899068813506
85688312,655145672,0.012635084214283254
85688312,12278810,0.05384482521357645
85688312,85688316,0.026559401250407635
12315748,480419255,0.05114329809542278
12315748,12279373,0.03130350691004588
12315748,120876461,0.011795725528976456
12279373,12315748,0.03130350691004588
12279373,120876461,0.0368056280567616
12279373,12284398,0.07221337287839007
120876461,480419256,0.057328403370351395
120876461,12315748,0.011795725528976456
120876461,12279373,0.0368056280567616
12284398,671005441,0.21168657903645888
12284398,631817267,0.10033727283754426
12284398,12279373,0.07221337287839007
118714368,12279770,0.28224911261965646
118714368,640220460,0.23311170523187752
12279770,118714368,0.28224911261965646
12279770,96866826,0.2067237362789033
96866826,672195064,0.030945283857548796
96866826,12279770,0.2067237362789033
96866826,73783035,2.9110799707814086
12280187,12320724,0.12633554584815937
12280187,139470198,0.06691654332534258
12280187,77457615,0.20446488702101534
139470198,12280187,0.06691654332534258
139470198,445875213,0.265608756631689
139470198,77457615,0.26760621347352087
77457615,35209497,0.13911616660263715
77457615,12280187,0.20446488702101534
77457615,139470198,0.26760621347352087
12320724,311478339,0.0763801841302156
12320724,12280187,0.12633554584815937
12280482,672127443,0.09799700174502707
12280482,85688300,0.10108655410709741
12280482,672127437,0.028837942503532263
85688300,12280482,0.10108655410709741
85688300,85688310,0.10505068301902974
672127443,12280482,0.09799700174502707
672127443,672127437,0.12428699316573008
672127443,87211858,0.20588759792939104
672127443,672127445,0.2052186723595816
672127443,833622263,0.34773126350074135
672127437,12280482,0.028837942503532263
672127437,672127443,0.12428699316573008
672127437,85688308,0.14927454285696046
672127437,672127438,0.11093899068813506
670354681,12319360,0.03345564082902003
670354681,12313041,0.1299673107614524
670354681,670354682,0.01824729134685379
670354681,12280542,0.11504772236348247
670354682,12319360,0.0367978375233546
670354682,670354681,0.01824729134685379
670354682,670991480,0.05361020673602795
670354682,12280542,0.1194490016009198
12280542,49024496,0.1388295702626188
12280542,670354681,0.11504772236348247
12280542,670354682,0.1194490016009198
49024496,670991488,0.1190858446143588
49024496,12280542,0.1388295702626188
12280608,670991521,0.08117722573829837
12280608,311622741,0.006388429593381315
12280608,97821358,0.005595112720103165
670991521,12280608,0.08117722573829837
670991521,84232980,0.325138103997879
670991521,351508085,0.09889637047281838
670991521,97821358,0.08040573686763575
97821358,12280608,0.005595112720103165
97821358,670991521,0.08040573686763575
97821358,311622740,0.014315377935943974
311622741,12280608,0.006388429593381315
311622741,97821338,0.00614077008054702
12280640,368794114,0.030509234336334203
12280640,671005493,0.07160233134988318
12280640,12280637,0.047959309259266905
12280637,12280640,0.047959309259266905
12280637,12316453,0.10895782910503693
12316453,647242450,0.0751290739016419
12316453,12280637,0.10895782910503693
368794114,12280640,0.030509234336334203
368794114,671005493,0.09209528651975693
368794114,747507846,0.1245634670806406
671005493,12280640,0.07160233134988318
671005493,647242450,0.08881997401589617
671005493,368794114,0.09209528651975693
12281290,672030013,0.2097164296506058
12281290,123899523,0.24219098337550163
12281290,672127493,0.08865799224709667
12281290,378054895,0.2126811557050834
672127493,12281290,0.08865799224709667
672127493,139456764,0.18413622658532489
672127493,378054895,0.18251564502705425
378054895,139456765,0.2552224469529215
378054895,12281290,0.2126811557050834
378054895,672127493,0.18251564502705425
123899523,180513253,0.12429763469327723
123899523,12281290,0.24219098337550163
123899523,105425715,0.23042316979053654
123899523,672030013,0.22591533362317248
672030013,44386384,0.21018051814127636
672030013,12281290,0.2097164296506058
672030013,123899523,0.22591533362317248
12287176,670977592,0.48017471723061517
12287176,12281457,1.4775885672694133
12287176,670977590,0.43185068952541067
12287176,12303982,0.411459378148154
12281457,49615684,0.47449523518902664
12281457,12287176,1.4775885672694133
12281457,12303982,1.0807267055210092
12281457,12281461,0.8279523916908524
12281457,12298646,0.8063511506049063
12281457,278983995,0.4877115735429976
12303982,12287176,0.411459378148154
12303982,12281457,1.0807267055210092
12303982,286652820,0.7774674073823676
12303982,12297909,0.47340546610747036
12303982,262087165,0.9610843175959526
278983995,49615684,0.08431817494054908
278983995,49618030,1.2381177803262893
278983995,670991470,0.5114752988069157
278983995,12281457,0.4877115735429976
278983995,278983991,0.659391061394256
278983995,278983994,0.5422465501867805
49615684,670991467,0.7574991429097947
49615684,49618030,1.154869853618269
49615684,670991470,0.5947722131915444
49615684,12281457,0.47449523518902664
49615684,278983995,0.08431817494054908
49615684,278983998,0.6686055116520242
12298646,12281457,0.8063511506049063
12298646,277117180,0.049312473264909555
12281461,105645096,0.1189867681180313
12281461,12281457,0.8279523916908524
12281461,93405445,0.02777646593098609
105645096,93405445,0.10059045071132101
105645096,12281461,0.1189867681180313
105645096,48947430,0.40924273277838596
93405445,105645096,0.10059045071132101
93405445,670977589,0.0169623311633236
93405445,12281461,0.02777646593098609
12281467,139645043,0.2920637129292524
12281467,258581981,0.4792736949992824
139645043,48400801,0.20358984668442065
139645043,12281467,0.2920637129292524
139645043,280538021,0.0800483306363138
258581981,258581970,0.027819865115791095
258581981,12281467,0.4792736949992824
12281636,671005450,0.1573716436358562
12281636,12293044,0.5080872311681781
12281636,12316166,0.24046158586102293
12316166,12303690,0.5800413687309077
12316166,12316163,0.4505078937510985
12316166,12281636,0.24046158586102293
12293044,12281636,0.5080872311681781
12293044,113757222,0.8273211505080891
12293044,670977543,0.5205296306850545
12293044,671005450,0.4941296231141905
12293044,12303690,0.37694881235300426
671005450,671005451,0.04203434103410583
671005450,671005443,0.06312335132028872
671005450,12293044,0.4941296231141905
671005450,12281636,0.1573716436358562
12281712,672127523,0.21672220566136935
12281712,672127525,0.2777521895382093
12281712,97821335,0.3255985278225809
672127525,12281712,0.2777521895382093
672127525,12299400,0.12203973650096606
672127525,97821335,0.33188715360686044
97821335,12281712,0.3255985278225809
97821335,51757907,0.27378954972385633
97821335,672127525,0.33188715360686044
672127523,12281712,0.21672220566136935
672127523,31645473,0.06379476611188813
672127523,536166696,0.02960589798421909
672127523,92791339,0.31257778978296574
34880633,12281779,0.17920745216216247
34880633,34880623,0.08908344687359428
12281779,34880633,0.17920745216216247
12281779,670991513,0.12141397791510111
12281779,139644973,0.11587599186228557
670991513,12281779,0.12141397791510111
670991513,139644973,0.08075185377520981
670991513,12281782,0.18208626242417392
139644973,670265610,0.19738530638160512
139644973,12281779,0.11587599186228557
139644973,12308083,0.3465190597077246
139644973,670991512,0.1186869699019986
139644973,670991513,0.08075185377520981
12281782,670991513,0.18208626242417392
12281782,670991515,0.12766895934187464
670991515,670991512,0.23267015913066216
670991515,670991516,0.10379831749023999
670991515,12281782,0.12766895934187464
12281936,12303712,0.21107883056273
12281936,649210305,1.3433836052331853
12281936,649210306,1.0613758269696272
12281936,12289641,0.8959447002819171
12281936,346368722,0.6090761355391052
12289641,12315403,0.12861126064678052
12289641,12281936,0.8959447002819171
12289641,183370993,0.09155868844932
12289641,672127511,0.18760100337322366
12289641,12289657,0.23398644287667003
12289641,46421470,0.2049158154721599
12303712,23690278,0.42082975746143136
12303712,12315367,0.4525804423960687
12303712,46555303,0.6416952698137841
12303712,12281936,0.21107883056273
12303712,95895509,0.3783209525013133
12303712,95895512,0.3992150550743857
12303712,649213754,0.5445445207616475
12303712,95895515,0.6294979200390703
12303712,12301661,0.5461020095536175
649210305,649210306,0.8624076451738225
649210305,12281936,1.3433836052331853
649210305,12289648,0.77281462607349
649210305,346368722,0.8014271525788128
649210305,121646779,0.5944835815110451
346368722,649210305,0.8014271525788128
346368722,649210306,0.9262458483773333
346368722,12315367,0.4621929415954199
346368722,12281936,0.6090761355391052
346368722,260108305,0.7635293593366663
346368722,649210520,0.3168730898531757
649210306,649210305,0.8624076451738225
649210306,670977575,0.3699682650364257
649210306,12281936,1.0613758269696272
649210306,676922289,0.143112415730011
649210306,346368722,0.9262458483773333
649210306,649213754,0.9202526751224698
649210306,12301661,0.7282482746057367
670977636,879909058,0.022541906061590945
670977636,12282341,0.018077865473359576
12282341,854340907,0.311735978881726
12282341,670977636,0.018077865473359576
854340907,12308083,0.15696202447762228
854340907,12282341,0.311735978881726
854340907,97829303,0.3735696095409253
12282537,805421298,0.1379728016734213
12282537,12294127,0.30489537766987274
12294127,12282537,0.30489537766987274
12294127,672127469,0.20565076956479134
805421298,12282537,0.1379728016734213
805421298,12308786,0.06166144529409079
805421298,672127462,0.10182981952211655
12282712,12318408,0.33797594955016047
12282712,121646777,0.4589854273037204
12282712,670977583,0.4328019548138117
121646777,12282712,0.4589854273037204
121646777,12298874,0.4815647423674956
121646777,670977583,0.20423761983803362
670977583,12282712,0.4328019548138117
670977583,121646777,0.20423761983803362
670977583,33800851,0.114867993352559
670977583,670977581,0.07261179717756275
12318408,12282712,0.33797594955016047
12318408,117016526,0.09291575467205831
649208842,649208836,0.14627092855199275
649208842,12282957,0.11914768156428891
12282957,649208842,0.11914768156428891
12282957,848783122,0.04926308264341179
848783122,671005444,0.05336917828577429
848783122,12282957,0.04926308264341179
670977528,672195055,0.03981803208571746
670977528,826204941,0.02311750211880048
670977528,12283486,0.09026259941328085
670977528,672195047,0.049492228636679854
672195055,672195047,0.02798142493652713
672195055,258080589,0.057546984001809
672195055,12310323,0.040074989493538354
672195055,670977528,0.03981803208571746
672195055,12283486,0.05551988588859892
12283486,672195047,0.0431352540908371
12283486,49296205,0.08782696033041791
12283486,672195055,0.05551988588859892
12283486,258080594,0.054584888801459765
12283486,670977528,0.09026259941328085
672195047,49298061,0.05087131943853444
672195047,672181327,0.05230404272912606
672195047,672195055,0.02798142493652713
672195047,670977528,0.049492228636679854
672195047,12283486,0.0431352540908371
258080594,258080589,0.066771003237279
258080594,38580404,0.026898162481243337
258080594,49296205,0.039884891542713415
258080594,12283486,0.054584888801459765
49296205,258080594,0.039884891542713415
49296205,49551276,0.08881992200037978
49296205,12283486,0.08782696033041791
49296205,50402911,0.09368713093652276
12312825,671005441,0.9654137263922414
12312825,746578148,0.5428444326595955
12312825,670991400,0.9192298095429183
12312825,139644937,0.7881642757991068
12312825,412989429,0.18419732033056316
12312825,12284218,0.9920548606516618
12312825,854048283,0.9525752834000601
12284218,746578148,0.8475407327684005
12284218,368276966,0.8941651011756614
12284218,139644937,0.7682270553898334
12284218,12312825,0.9920548606516618
12284218,262087165,0.06366796301877924
746578148,324372416,0.08383074765297145
746578148,12312825,0.5428444326595955
746578148,12284218,0.8475407327684005
746578148,139644937,0.2664558219355198
139644937,746578148,0.2664558219355198
139644937,277113676,0.2590675862952587
139644937,12297909,0.8792663508365064
139644937,670977590,0.4929675587758945
139644937,12312825,0.7881642757991068
139644937,12284218,0.7682270553898334
262087165,12284218,0.06366796301877924
262087165,670977638,0.4803059467457687
262087165,12297909,0.5107253893584229
262087165,12303982,0.9610843175959526
368276966,12284218,0.8941651011756614
368276966,670991474,0.3566047070582359
24043092,670977600,0.19133102896875764
24043092,12284229,0.12877243805287256
24043092,41832107,0.1335666347788559
24043092,12299086,0.13531207343471116
24043092,12297903,0.11706103051835899
24043092,82249054,0.058430790823671495
12284229,24043092,0.12877243805287256
12284229,649207221,0.06570848751462575
12284229,82249054,0.1358561583807635
82249054,670977657,0.14078489017329235
82249054,24043092,0.058430790823671495
82249054,12284229,0.1358561583807635
649207221,649597931,0.3413707222599543
649207221,12284229,0.06570848751462575
95430002,12284395,0.01168875234246253
95430002,95429989,0.18148083159917383
95430002,767450475,0.22867183423952997
12284395,95430002,0.01168875234246253
12284395,767450475,0.22645543992789025
12284395,95429989,0.18410788845098963
95429989,95430002,0.18148083159917383
95429989,12284395,0.18410788845098963
95429989,85611101,0.1683748416909264
767450475,708920361,0.4489037253242296
767450475,95430002,0.22867183423952997
767450475,12284395,0.22645543992789025
671005441,670991400,0.4836966774111225
671005441,12284398,0.21168657903645888
671005441,631817267,0.24686583703629303
671005441,12312825,0.9654137263922414
671005441,854048283,0.2692041777438406
631817267,671005441,0.24686583703629303
631817267,854500442,0.15007063312085595
631817267,12284398,0.10033727283754426
50761253,50761252,0.8596728152194493
50761253,48690341,0.9028709600413701
50761253,12284431,0.8435574500613294
48690341,49552539,0.07150907747888055
48690341,50761253,0.9028709600413701
48690341,12284431,0.26089872030712574
12284431,49612720,0.5405731761767512
12284431,49612719,0.5408701116393373
12284431,50761253,0.8435574500613294
12284431,48690341,0.26089872030712574
49612720,49612719,0.004895666169053105
49612720,672029994,0.0831403342107795
49612720,49612587,0.10131787037992675
49612720,12284431,0.5405731761767512
49612719,49612720,0.004895666169053105
49612719,672029994,0.08194445131801685
49612719,49612587,0.10098408819076973
49612719,12284431,0.5408701116393373
12284458,85688301,0.06820480926996747
12284458,85688310,0.056438921781502976
85688301,12284458,0.06820480926996747
85688301,655145669,0.032768043366559314
85688310,12284458,0.056438921781502976
85688310,85688300,0.10505068301902974
280534533,12284472,0.07389015433441498
280534533,280534535,0.17219862943242997
670991488,49024496,0.1190858446143588
670991488,670991485,0.18287578721048497
670991488,12285127,0.3470996325120112
670991485,670991488,0.18287578721048497
670991485,12315982,0.2021351850370672
670991485,12285127,0.3110022524658352
12285127,670991488,0.3470996325120112
12285127,139199298,0.26111083154652165
12285127,670991485,0.3110022524658352
12285127,95186199,0.23787449183925358
139199298,766159178,0.3291494966895585
139199298,95186199,0.13555117545122244
139199298,12285127,0.26111083154652165
95186199,95186209,0.2908765588087945
95186199,139199298,0.13555117545122244
95186199,12285127,0.23787449183925358
672127481,672127480,0.04825275029517191
672127481,12285460,0.027424188216649218
672127481,12285462,0.0622083862415973
12285460,672127481,0.027424188216649218
12285460,26951470,0.06927766520586734
26951470,672127483,0.07610465333709719
26951470,12285460,0.06927766520586734
746684754,746684753,0.026822800656302943
746684754,12285462,0.05512306044261241
12285462,672127480,0.06893895776555406
12285462,672127481,0.0622083862415973
12285462,746684754,0.05512306044261241
672127480,672127481,0.04825275029517191
672127480,672127478,0.02846960473793939
672127480,12285462,0.06893895776555406
672127480,90488047,0.05710253761426855
12285488,95705994,0.0571841698481341
12285488,672181260,0.062346958661815256
672181260,12285488,0.062346958661815256
672181260,97825351,0.09323924987565235
95705994,12285488,0.0571841698481341
95705994,95705997,0.7148689117450636
12285668,672195059,0.2338170159917055
12285668,672195060,0.32696153213289664
672195060,84232992,0.37985155114315333
672195060,555530866,0.2824275478137371
672195060,12285668,0.32696153213289664
672195059,672195057,0.12703047075976068
672195059,12285668,0.2338170159917055
670991520,670265609,0.0731257000758985
670991520,480402309,0.09598108891373566
670991520,12286414,0.26928521541491013
480402309,670991520,0.09598108891373566
480402309,480402313,0.04443046177803907
480402309,12286414,0.2848838639812241
12286414,670991520,0.26928521541491013
12286414,280277788,0.2159194025533989
12286414,480402309,0.2848838639812241
280277788,83672155,0.09683383462695688
280277788,12286414,0.2159194025533989
12287171,480347772,0.1266185094790963
12287171,672424060,0.23346068776781534
672424060,12287171,0.23346068776781534
672424060,763375246,0.23594639960253905
480347772,368276968,0.5089684361424176
480347772,97800738,0.17024292066826105
480347772,12287171,0.1266185094790963
480347772,27837509,0.020887681869122012
670977592,12287176,0.48017471723061517
670977592,256021557,0.7799158738967925
670977592,670977590,0.5644374153207432
670977590,12287176,0.43185068952541067
670977590,139644937,0.4929675587758945
670977590,277113676,0.23472162470867086
670977590,12297909,0.9114739043802559
670977590,670977592,0.5644374153207432
12287259,103892944,0.7492111502066177
12287259,672181255,0.7724590435939487
12287259,12287287,0.9552793152586584
12287287,797800457,0.3097604190260917
12287287,12287259,0.9552793152586584
12287287,16207515,0.23586778835651506
672181255,103892944,0.035437900719572674
672181255,480210522,0.06997819257936778
672181255,12287259,0.7724590435939487
797800457,12679681,0.1723739608240671
797800457,16207515,0.2836902223412907
797800457,12287287,0.3097604190260917
16207515,797800457,0.2836902223412907
16207515,16207516,0.2516979381918871
16207515,12287287,0.23586778835651506
670977578,670977541,0.32788116715346655
670977578,670977577,0.2748021010408642
670977578,46595002,0.3217176525258129
670977578,12287389,0.4232032166407418
670977578,649210303,0.16866932627451206
12287389,670977578,0.4232032166407418
12287389,480214053,0.3380523313310583
12287389,46595053,1.105428893285611
12287389,649210303,0.5415995023266309
649210303,670977578,0.16866932627451206
649210303,46594979,0.17989274072404027
649210303,12287389,0.5415995023266309
649210303,670977574,0.13614770034311122
46595053,670977540,0.5886267916066624
46595053,46595052,1.305494020416191
46595053,12298874,0.231660757207917
46595053,671005466,1.2385388902785943
46595053,12287389,1.105428893285611
480214053,480214052,0.023017971964105263
480214053,12287389,0.3380523313310583
12287524,163118906,0.07679409928654035
12287524,670991525,0.10245386928913332
12287524,672127527,0.08691860707217185
670991525,12287524,0.10245386928913332
670991525,12296805,0.06369682691244496
670991525,670991526,0.06678364664758392
163118906,139199362,0.24005746795061533
163118906,12287524,0.07679409928654035
163118906,672127527,0.1576891353866145
163118906,51757931,0.35618840442467636
163118906,649205012,0.10192663891982645
672127527,163118906,0.1576891353866145
672127527,12287524,0.08691860707217185
672127527,100330486,0.0922303530792118
95749826,12287683,0.6299385761865812
95749826,27759717,0.4321187454905937
95749826,765987247,0.47228045710067246
12287683,139631896,0.35149243914258893
12287683,95749826,0.6299385761865812
12287683,765987247,0.2448023059309566
765987247,95749826,0.47228045710067246
765987247,12287683,0.2448023059309566
765987247,76792846,1.2100277625841205
