1027,4,19,2002,328,michl,324,42.903679,-78.781174,1596100916,2020-07-30 05:21:56
1027,4,19,2002,328,michl,324,42.906647,-78.780655,1596100974,2020-07-30 05:22:54
1027,4,19,2002,328,michl,324,42.90662,-78.784302,1596101034,2020-07-30 05:23:54
1027,4,19,2002,327,michl,324,42.898701,-78.78434,1596101091,2020-07-30 05:24:51
1027,4,19,2002,327,michl,324,42.900158,-78.788063,1596101150,2020-07-30 05:25:50
1027,4,19,2002,329,bdyba,328,42.898674,-78.800461,1596101210,2020-07-30 05:26:50
1027,4,19,2002,328,bdyba,328,42.897354,-78.81118,1596101268,2020-07-30 05:27:48
1027,4,19,2002,334,bdyfl,334,42.896694,-78.816315,1596101329,2020-07-30 05:28:49
1027,4,19,2002,334,bdyfl,334,42.896198,-78.82,1596101388,2020-07-30 05:29:48
1027,4,19,2002,335,bdyfl,334,42.895428,-78.825806,1596101505,2020-07-30 05:31:45
1027,4,19,2002,334,bdyfl,334,42.894356,-78.832695,1596101564,2020-07-30 05:32:44
1027,4,19,2002,334,bdyfl,334,42.893311,-78.838013,1596101682,2020-07-30 05:34:42
1027,4,19,2002,341,bdmgn,340,42.892677,-78.840996,1596101721,2020-07-30 05:35:21
1027,4,19,2002,340,bdmgn,340,42.891964,-78.844345,1596101741,2020-07-30 05:35:41
1027,4,19,2002,339,bdmgn,340,42.888306,-78.861015,1596101860,2020-07-30 05:37:40
1027,4,19,2002,349,tcbfl,350,42.886654,-78.868614,1596101939,2020-07-30 05:38:59
1027,4,19,2002,9999,tcbfl,350,42.886162,-78.870842,1596101978,2020-07-30 05:39:38
1027,4,19,2002,9999,tcbfl,350,42.886105,-78.875984,1596102038,2020-07-30 05:40:38
1027,4,19,2002,9999,tcbfl,350,42.886299,-78.877319,1596102101,2020-07-30 05:41:41
1027,4,19,2002,9999,tcbfl,350,42.884838,-78.877022,1596102156,2020-07-30 05:42:36
1027,4,19,2002,9999,tcbfl,350,42.883713,-78.877434,1596102215,2020-07-30 05:43:35
1027,4,19,2002,9999,tcbfl,350,42.882996,-78.875313,1596102272,2020-07-30 05:44:32
1027,4,19,2002,9999,tcbfl,350,42.882393,-78.873268,1596102331,2020-07-30 05:45:31
1027,4,19,2002,9999,tcbfl,350,42.883492,-78.872299,1596102403,2020-07-30 05:46:43
1027,4,19,2002,9999,tcbfl,350,42.883518,-78.872337,1596102450,2020-07-30 05:47:30
1027,4,19,2002,9999,tcbfl,350,42.883549,-78.872368,1596102509,2020-07-30 05:48:29
1027,4,19,2002,342,tcbfl,350,42.883575,-78.872444,1596102686,2020-07-30 05:51:26
1027,4,19,2002,343,tcbfl,350,42.883575,-78.872482,1596102745,2020-07-30 05:52:25
1027,4,19,2002,345,tcbfl,350,42.883575,-78.87252,1596102863,2020-07-30 05:54:23
1027,4,19,2002,346,tcbfl,350,42.883575,-78.872559,1596102922,2020-07-30 05:55:22
1027,4,19,2002,346,tcbfl,350,42.883549,-78.872559,1596102947,2020-07-30 05:55:47
1027,4,19,2002,348,tcbfl,350,42.883549,-78.872597,1596103042,2020-07-30 05:57:22
1027,4,19,2002,349,tcbfl,350,42.883549,-78.872597,1596103100,2020-07-30 05:58:20
1027,4,19,2002,350,tcbfl,350,42.883549,-78.872635,1596103218,2020-07-30 06:00:18
1027,4,19,2002,351,tcbfl,350,42.883549,-78.872704,1596103277,2020-07-30 06:01:17
1027,4,19,2002,352,tcbfl,350,42.883549,-78.872704,1596103336,2020-07-30 06:02:16
1027,4,19,2002,353,tcbfl,350,42.883549,-78.872742,1596103396,2020-07-30 06:03:16
1027,4,19,2002,354,tcbfl,350,42.883575,-78.87278,1596103456,2020-07-30 06:04:16
1027,4,19,2002,355,tcbfl,350,42.883549,-78.87278,1596103516,2020-07-30 06:05:16
1027,4,19,2002,9999,tcbfl,350,42.883465,-78.872559,1596103576,2020-07-30 06:06:16
1027,2,20,2002,375,clmgm,371,42.883465,-78.876877,1596103636,2020-07-30 06:07:16
1027,2,20,2002,375,clmgm,371,42.884594,-78.877098,1596103695,2020-07-30 06:08:15
1027,2,20,2002,373,clmgm,371,42.885941,-78.875946,1596103754,2020-07-30 06:09:14
1027,2,20,2002,373,clmgm,371,42.884922,-78.871628,1596103873,2020-07-30 06:11:13
1027,2,20,2002,372,clmgm,371,42.884399,-78.868683,1596103932,2020-07-30 06:12:12
1027,2,20,2002,378,cltfl,377,42.882557,-78.858223,1596104052,2020-07-30 06:14:12
1027,2,20,2002,377,cltfl,377,42.881458,-78.852013,1596104111,2020-07-30 06:15:11
1027,2,20,2002,377,cltfl,377,42.879532,-78.840881,1596104229,2020-07-30 06:17:09
1027,2,20,2002,382,cltba,382,42.878269,-78.836304,1596104288,2020-07-30 06:18:08
1027,2,20,2002,382,cltba,382,42.877113,-78.833328,1596104347,2020-07-30 06:19:07
1027,2,20,2002,382,cltba,382,42.875023,-78.827888,1596104407,2020-07-30 06:20:07
1027,2,20,2002,382,cltba,382,42.873123,-78.822975,1596104467,2020-07-30 06:21:07
1027,2,20,2002,382,cltba,382,42.872051,-78.820297,1596104526,2020-07-30 06:22:06
1027,2,20,2002,383,cltba,382,42.872051,-78.820221,1596104585,2020-07-30 06:23:05
1027,2,20,2002,389,fern,387,42.871941,-78.817322,1596104650,2020-07-30 06:24:10
1027,2,20,2002,388,fern,387,42.871834,-78.809875,1596104705,2020-07-30 06:25:05
1027,2,20,2002,388,fern,387,42.871803,-78.807861,1596104764,2020-07-30 06:26:04
1027,2,20,2002,389,fern,387,42.871777,-78.805595,1596104823,2020-07-30 06:27:03
1027,2,20,2002,397,cltun,396,42.871502,-78.7929,1596104908,2020-07-30 06:28:28
1027,2,20,2002,396,cltun,396,42.871365,-78.788208,1596104941,2020-07-30 06:29:01
1027,2,20,2002,397,cltun,396,42.864681,-78.787285,1596105059,2020-07-30 06:30:59
1027,2,20,2002,396,cltun,396,42.860886,-78.7798,1596105119,2020-07-30 06:31:59
1027,2,20,2002,396,cltun,396,42.853516,-78.762192,1596105237,2020-07-30 06:33:57
1027,2,20,2002,396,cltun,396,42.853626,-78.755043,1596105296,2020-07-30 06:34:56
1027,2,20,2002,396,cltun,396,42.854977,-78.754601,1596105414,2020-07-30 06:36:54
1027,2,20,2002,405,trfrh,405,42.863251,-78.754341,1596105473,2020-07-30 06:37:53
1027,2,20,2002,405,trfrh,405,42.866112,-78.753853,1596105532,2020-07-30 06:38:52
1027,2,20,2002,406,trfrh,405,42.868176,-78.748573,1596105592,2020-07-30 06:39:52
1027,2,20,2002,406,trfrh,405,42.868011,-78.74012,1596105652,2020-07-30 06:40:52
1027,2,20,2002,406,trfrh,405,42.867817,-78.731262,1596105711,2020-07-30 06:41:51
1027,2,20,2002,406,trfrh,405,42.867737,-78.724602,1596105770,2020-07-30 06:42:50
1027,2,20,2002,405,trfrh,405,42.867764,-78.710716,1596105829,2020-07-30 06:43:49
1027,2,20,2002,405,trfrh,405,42.86779,-78.703453,1596105887,2020-07-30 06:44:47
1027,2,20,2002,409,fltbk,409,42.865921,-78.69709,1596105946,2020-07-30 06:45:46
1027,2,20,2002,9999,fltbk,409,42.860226,-78.69709,1596106005,2020-07-30 06:46:45
1027,2,20,2002,9999,fltbk,409,42.855911,-78.69709,1596106077,2020-07-30 06:47:57
1027,2,20,2002,9999,fltbk,409,42.849613,-78.697052,1596106123,2020-07-30 06:48:43
1027,2,20,2002,9999,fltbk,409,42.848896,-78.697617,1596106183,2020-07-30 06:49:43
1027,2,20,2002,391,fltbk,409,42.848896,-78.697647,1596106302,2020-07-30 06:51:42
1027,2,20,2002,393,fltbk,409,42.848896,-78.697617,1596106420,2020-07-30 06:53:40
1027,2,20,2002,394,fltbk,409,42.848869,-78.697647,1596106479,2020-07-30 06:54:39
1027,2,20,2002,396,fltbk,409,42.848896,-78.697617,1596106588,2020-07-30 06:56:28
1027,2,20,2002,397,fltbk,409,42.848896,-78.697617,1596106657,2020-07-30 06:57:37
1027,2,20,2002,398,fltbk,409,42.848896,-78.697617,1596106716,2020-07-30 06:58:36
1027,2,20,2002,399,fltbk,409,42.848869,-78.697617,1596106776,2020-07-30 06:59:36
1027,2,20,2002,400,fltbk,409,42.848896,-78.697617,1596106836,2020-07-30 07:00:36
1027,2,20,2002,401,fltbk,409,42.848869,-78.697617,1596106887,2020-07-30 07:01:27
1027,2,20,2002,402,fltbk,409,42.848869,-78.697617,1596106953,2020-07-30 07:02:33
1027,2,20,2002,403,fltbk,409,42.848869,-78.697647,1596107013,2020-07-30 07:03:33
1027,2,20,2002,9999,fltbk,409,42.848896,-78.697617,1596107072,2020-07-30 07:04:32
1027,2,20,2002,9999,fltbk,409,42.848869,-78.697617,1596107132,2020-07-30 07:05:32
1027,2,20,2002,9999,fltbk,409,42.848896,-78.697617,1596107188,2020-07-30 07:06:28
1027,2,20,2002,9999,fltbk,409,42.848896,-78.697617,1596107251,2020-07-30 07:07:31
1027,2,20,2002,9999,fltbk,409,42.848896,-78.697647,1596107310,2020-07-30 07:08:30
1027,2,20,2002,9999,fltbk,409,42.848896,-78.697617,1596107370,2020-07-30 07:09:30
1027,2,20,2002,9999,fltbk,409,42.848896,-78.697617,1596107487,2020-07-30 07:11:27
1027,2,20,2002,9999,fltbk,409,42.848896,-78.697617,1596107608,2020-07-30 07:13:28
1027,2,20,2002,9999,fltbk,409,42.848869,-78.697617,1596107667,2020-07-30 07:14:27
1027,2,20,2002,9999,fltbk,409,42.848869,-78.697647,1596107787,2020-07-30 07:16:27
1027,2,20,2002,9999,fltbk,409,42.848869,-78.697647,1596107846,2020-07-30 07:17:26
1027,2,20,2002,9999,fltbk,409,42.848896,-78.697617,1596107906,2020-07-30 07:18:26
1027,2,20,2002,9999,fltbk,409,42.848869,-78.697617,1596107966,2020-07-30 07:19:26
1027,2,20,2002,9999,fltbk,409,42.847744,-78.697723,1596108026,2020-07-30 07:20:26
1027,2,19,2002,445,trfrh,436,42.855278,-78.696869,1596108087,2020-07-30 07:21:27
1027,2,19,2002,443,trfrh,436,42.864902,-78.696945,1596108143,2020-07-30 07:22:23
1027,2,19,2002,443,trfrh,436,42.868176,-78.698059,1596108201,2020-07-30 07:23:21
1027,2,19,2002,454,cltun,447,42.867901,-78.706734,1596108260,2020-07-30 07:24:20
1027,2,19,2002,454,cltun,447,42.867901,-78.708557,1596108319,2020-07-30 07:25:19
1027,2,19,2002,453,cltun,447,42.867954,-78.73085,1596108436,2020-07-30 07:27:16
1027,2,19,2002,452,cltun,447,42.868202,-78.742577,1596108496,2020-07-30 07:28:16
1027,2,19,2002,9999,cltun,447,42.853516,-78.765137,1596108792,2020-07-30 07:33:12
1027,2,19,2002,9999,cltun,447,42.856873,-78.774811,1596108850,2020-07-30 07:34:10
1027,2,19,2002,9999,cltun,447,42.863251,-78.782669,1596108909,2020-07-30 07:35:09
1027,2,19,2002,9999,cltun,447,42.870621,-78.787392,1596108986,2020-07-30 07:36:26
1027,2,19,2002,9999,cltun,447,42.871777,-78.801201,1596109088,2020-07-30 07:38:08
1027,2,19,2002,9999,cltun,447,42.871834,-78.804886,1596109148,2020-07-30 07:39:08
1027,2,19,2002,9999,cltun,447,42.871941,-78.809654,1596109207,2020-07-30 07:40:07
1027,2,19,2002,9999,cltun,447,42.872082,-78.819252,1596109286,2020-07-30 07:41:26
1027,2,19,2002,9999,cltun,447,42.873592,-78.823944,1596109324,2020-07-30 07:42:04
1027,2,19,2002,9999,cltun,447,42.875271,-78.828224,1596109383,2020-07-30 07:43:03
1027,2,19,2002,9999,cltun,447,42.876949,-78.832733,1596109442,2020-07-30 07:44:02
1027,2,19,2002,9999,cltun,447,42.878819,-78.837494,1596109502,2020-07-30 07:45:02
1027,2,19,2002,9999,cltun,447,42.879311,-78.83902,1596109622,2020-07-30 07:47:02
1027,2,19,2002,9999,cltun,447,42.880276,-78.844711,1596109682,2020-07-30 07:48:02
1027,2,19,2002,9999,cltun,447,42.88187,-78.85376,1596109801,2020-07-30 07:50:01
1027,2,19,2002,9999,cltun,447,42.88242,-78.856888,1596109886,2020-07-30 07:51:26
1027,2,19,2002,9999,cltun,447,42.883575,-78.863739,1596109978,2020-07-30 07:52:58
1027,2,19,2002,9999,cltun,447,42.884647,-78.868126,1596110037,2020-07-30 07:53:57
1027,2,19,2002,9999,cltun,447,42.885391,-78.868912,1596110098,2020-07-30 07:54:58
1027,2,19,2002,9999,cltun,447,42.885746,-78.87114,1596110185,2020-07-30 07:56:25
1027,2,19,2002,9999,cltun,447,42.885803,-78.87133,1596110217,2020-07-30 07:56:57
1027,2,19,2002,9999,cltun,447,42.886078,-78.876129,1596110277,2020-07-30 07:57:57
1027,2,19,2002,9999,cltun,447,42.886299,-78.877281,1596110337,2020-07-30 07:58:57
1027,2,19,2002,9999,cltun,447,42.885117,-78.877136,1596110395,2020-07-30 07:59:55
1027,2,19,2002,9999,cltun,447,42.883904,-78.877396,1596110454,2020-07-30 08:00:54
1027,2,19,2002,9999,cltun,447,42.883904,-78.877396,1596110514,2020-07-30 08:01:54
1027,2,19,2002,9999,cltun,447,42.883244,-78.876648,1596110574,2020-07-30 08:02:54
1027,2,19,2002,9999,cltun,447,42.88242,-78.873413,1596110633,2020-07-30 08:03:53
1027,2,19,2002,9999,tcbfl,495,42.883492,-78.872299,1596110693,2020-07-30 08:04:53
1027,2,19,2002,493,tcbfl,495,42.883492,-78.872299,1596110715,2020-07-30 08:05:15
1027,2,19,2002,494,tcbfl,495,42.883465,-78.872368,1596110813,2020-07-30 08:06:53
1027,2,19,2002,495,tcbfl,495,42.883465,-78.872444,1596110871,2020-07-30 08:07:51
1027,2,19,2002,495,tcbfl,495,42.883492,-78.87252,1596110973,2020-07-30 08:09:33
1027,2,19,2002,495,tcbfl,495,42.883492,-78.872559,1596111047,2020-07-30 08:10:47
1027,2,19,2002,495,tcbfl,495,42.883438,-78.872559,1596111164,2020-07-30 08:12:44
1027,2,19,2002,495,tcbfl,495,42.883381,-78.872597,1596111223,2020-07-30 08:13:43
1027,2,19,2002,495,tcbfl,495,42.883411,-78.872635,1596111282,2020-07-30 08:14:42
1027,2,19,2002,495,tcbfl,495,42.883438,-78.872635,1596111341,2020-07-30 08:15:41
1027,2,19,2002,496,tcbfl,495,42.883438,-78.872635,1596111400,2020-07-30 08:16:40
1027,2,19,2002,497,tcbfl,495,42.883465,-78.872665,1596111460,2020-07-30 08:17:40
1027,2,19,2002,498,tcbfl,495,42.883465,-78.872665,1596111519,2020-07-30 08:18:39
1027,2,19,2002,499,tcbfl,495,42.883492,-78.872665,1596111578,2020-07-30 08:19:38
1027,2,19,2002,500,tcbfl,495,42.883492,-78.872665,1596111637,2020-07-30 08:20:37
1027,2,19,2002,501,tcbfl,495,42.883492,-78.872665,1596111696,2020-07-30 08:21:36
1027,2,19,2002,502,tcbfl,495,42.883411,-78.872635,1596111755,2020-07-30 08:22:35
1027,1,20,2002,513,wmmgn,507,42.88319,-78.875092,1596111815,2020-07-30 08:23:35
1027,1,20,2002,512,wmmgn,507,42.884399,-78.877136,1596111874,2020-07-30 08:24:34
1027,1,20,2002,511,wmmgn,507,42.885857,-78.87542,1596111991,2020-07-30 08:26:31
1027,1,20,2002,512,wmmgn,507,42.885639,-78.874344,1596112050,2020-07-30 08:27:30
1027,1,20,2002,512,wmmgn,507,42.885361,-78.871735,1596112168,2020-07-30 08:29:28
1027,1,20,2002,512,wmmgn,507,42.885719,-78.87133,1596112227,2020-07-30 08:30:27
1027,1,20,2002,520,wmbck,517,42.884895,-78.859566,1596112345,2020-07-30 08:32:25
1027,1,20,2002,520,wmbck,517,42.885086,-78.854095,1596112404,2020-07-30 08:33:24
1027,1,20,2002,520,wmbck,517,42.885086,-78.849663,1596112463,2020-07-30 08:34:23
1027,1,20,2002,519,wmbck,517,42.885033,-78.844154,1596112522,2020-07-30 08:35:22
1027,1,20,2002,519,wmbck,517,42.884949,-78.83947,1596112581,2020-07-30 08:36:21
1027,1,20,2002,520,wmbck,517,42.884949,-78.838905,1596112640,2020-07-30 08:37:20
1027,1,20,2002,519,wmbck,517,42.884838,-78.829605,1596112698,2020-07-30 08:38:18
1027,1,20,2002,526,nolvj,524,42.884785,-78.821976,1596112764,2020-07-30 08:39:24
1027,1,20,2002,524,nolvj,524,42.885471,-78.814194,1596112816,2020-07-30 08:40:16
1027,1,20,2002,524,nolvj,524,42.889736,-78.814079,1596112875,2020-07-30 08:41:15
1027,1,20,2002,524,nolvj,524,42.889736,-78.807381,1596112933,2020-07-30 08:42:13
1027,1,20,2002,527,ogplz,527,42.888084,-78.802505,1596113000,2020-07-30 08:43:20
1027,1,20,2002,526,ogplz,527,42.884895,-78.800568,1596113054,2020-07-30 08:44:14
1027,1,20,2002,9999,aptml,537,42.883904,-78.798111,1596113174,2020-07-30 08:46:14
1027,1,20,2002,9999,aptml,537,42.884399,-78.789108,1596113234,2020-07-30 08:47:14
1027,1,20,2002,9999,aptml,537,42.884125,-78.776115,1596113353,2020-07-30 08:49:13
1027,1,20,2002,9999,aptml,537,42.883987,-78.769226,1596113413,2020-07-30 08:50:13
1027,1,20,2002,9999,aptml,537,42.884869,-78.755646,1596113532,2020-07-30 08:52:12
1027,1,20,2002,535,aptml,537,42.886791,-78.754524,1596113592,2020-07-30 08:53:12
1027,1,20,2002,547,aptml,549,42.88858,-78.751213,1596113651,2020-07-30 08:54:11
1027,1,20,2002,548,aptml,549,42.888554,-78.751213,1596113711,2020-07-30 08:55:11
1027,1,20,2002,549,aptml,549,42.88858,-78.751213,1596113770,2020-07-30 08:56:10
1027,1,20,2002,549,aptml,549,42.888554,-78.751213,1596113830,2020-07-30 08:57:10
1027,1,20,2002,549,aptml,549,42.88858,-78.751213,1596114068,2020-07-30 09:01:08
1027,1,20,2002,549,aptml,549,42.888554,-78.751213,1596114365,2020-07-30 09:06:05
1027,1,20,2002,549,aptml,549,42.88858,-78.751213,1596114483,2020-07-30 09:08:03
1027,1,20,2002,550,aptml,549,42.888554,-78.751213,1596114602,2020-07-30 09:10:02
1027,1,20,2002,551,aptml,549,42.88858,-78.751213,1596114662,2020-07-30 09:11:02
1027,1,20,2002,552,aptml,549,42.888554,-78.751213,1596114721,2020-07-30 09:12:01
1027,1,20,2002,553,aptml,549,42.888554,-78.751213,1596114780,2020-07-30 09:13:00
1027,1,19,2002,566,nolvj,562,42.888386,-78.753891,1596114846,2020-07-30 09:14:06
1027,1,19,2002,567,nolvj,562,42.888142,-78.754677,1596114899,2020-07-30 09:14:59
1027,1,19,2002,566,nolvj,562,42.88385,-78.758507,1596114958,2020-07-30 09:15:58
1027,1,19,2002,566,nolvj,562,42.883904,-78.761185,1596115017,2020-07-30 09:16:57
1027,1,19,2002,566,nolvj,562,42.884125,-78.769783,1596115076,2020-07-30 09:17:56
1027,1,19,2002,564,nolvj,562,42.884319,-78.780472,1596115135,2020-07-30 09:18:55
1027,1,19,2002,565,nolvj,562,42.884399,-78.784195,1596115194,2020-07-30 09:19:54
1027,1,19,2002,565,nolvj,562,42.884426,-78.785866,1596115253,2020-07-30 09:20:53
1027,1,19,2002,563,nolvj,562,42.887535,-78.802467,1596115372,2020-07-30 09:22:52
1027,1,19,2002,569,wmbck,569,42.88979,-78.807266,1596115431,2020-07-30 09:23:51
1027,1,19,2002,569,wmbck,569,42.888031,-78.81427,1596115549,2020-07-30 09:25:49
1027,1,19,2002,569,wmbck,569,42.884869,-78.817062,1596115608,2020-07-30 09:26:48
1027,1,19,2002,577,wmmgn,579,42.884949,-78.831985,1596115725,2020-07-30 09:28:45
1027,1,19,2002,577,wmmgn,579,42.885059,-78.839058,1596115784,2020-07-30 09:29:44
1027,1,19,2002,577,wmmgn,579,42.885086,-78.841957,1596115843,2020-07-30 09:30:43
1027,1,19,2002,578,wmmgn,579,42.885086,-78.844086,1596115903,2020-07-30 09:31:43
1027,1,19,2002,578,wmmgn,579,42.885143,-78.84877,1596115962,2020-07-30 09:32:42
1027,1,19,2002,577,wmmgn,579,42.88517,-78.854507,1596116021,2020-07-30 09:33:41
1027,1,19,2002,576,wmmgn,579,42.885006,-78.863136,1596116080,2020-07-30 09:34:40
1027,1,19,2002,576,wmmgn,579,42.884979,-78.866196,1596116139,2020-07-30 09:35:39
1027,1,19,2002,588,tcbfl,590,42.885582,-78.87014,1596116224,2020-07-30 09:37:04
1027,1,19,2002,588,tcbfl,590,42.885666,-78.870438,1596116257,2020-07-30 09:37:37
1027,1,19,2002,588,tcbfl,590,42.88583,-78.871513,1596116316,2020-07-30 09:38:36
1027,1,19,2002,588,tcbfl,590,42.88583,-78.873077,1596116376,2020-07-30 09:39:36
1027,1,19,2002,588,tcbfl,590,42.886078,-78.876053,1596116435,2020-07-30 09:40:35
1027,1,19,2002,588,tcbfl,590,42.886242,-78.878807,1596116552,2020-07-30 09:42:32
1027,1,19,2002,587,tcbfl,590,42.883766,-78.877434,1596116612,2020-07-30 09:43:32
1027,1,19,2002,587,tcbfl,590,42.882805,-78.874718,1596116731,2020-07-30 09:45:31
1027,1,19,2002,607,tcbfl,610,42.883438,-78.872261,1596116808,2020-07-30 09:46:48
1027,1,19,2002,609,tcbfl,610,42.883465,-78.872299,1596116909,2020-07-30 09:48:29
1027,1,19,2002,610,tcbfl,610,42.883465,-78.872299,1596116968,2020-07-30 09:49:28
1027,1,19,2002,610,tcbfl,610,42.883438,-78.872337,1596117027,2020-07-30 09:50:27
1027,1,19,2002,610,tcbfl,610,42.883438,-78.872406,1596117085,2020-07-30 09:51:25
1027,1,19,2002,610,tcbfl,610,42.883438,-78.872444,1596117324,2020-07-30 09:55:24
1027,1,19,2002,610,tcbfl,610,42.883411,-78.872444,1596117384,2020-07-30 09:56:24
1027,1,19,2002,610,tcbfl,610,42.883411,-78.872482,1596117444,2020-07-30 09:57:24
1027,1,19,2002,610,tcbfl,610,42.883411,-78.87252,1596117563,2020-07-30 09:59:23
1027,1,19,2002,610,tcbfl,610,42.883438,-78.872597,1596117623,2020-07-30 10:00:23
1027,1,19,2002,610,tcbfl,610,42.883411,-78.872635,1596117683,2020-07-30 10:01:23
1027,1,19,2002,610,tcbfl,610,42.883411,-78.872665,1596117861,2020-07-30 10:04:21
1027,1,19,2002,610,tcbfl,610,42.883381,-78.872742,1596118039,2020-07-30 10:07:19
1027,1,19,2002,610,tcbfl,610,42.883411,-78.872742,1596118099,2020-07-30 10:08:19
1027,1,19,2002,610,tcbfl,610,42.883411,-78.87278,1596118157,2020-07-30 10:09:17
1027,1,19,2002,610,tcbfl,610,42.883411,-78.872818,1596118216,2020-07-30 10:10:16
1027,1,19,2002,611,tcbfl,610,42.883438,-78.872856,1596118275,2020-07-30 10:11:15
1027,1,19,2002,615,tcbfl,610,42.883438,-78.87278,1596118513,2020-07-30 10:15:13
1027,1,19,2002,616,tcbfl,610,42.883438,-78.87278,1596118572,2020-07-30 10:16:12
1027,1,19,2002,617,tcbfl,610,42.883438,-78.87278,1596118631,2020-07-30 10:17:11
1027,2,20,2002,627,clmgm,621,42.883381,-78.876389,1596118749,2020-07-30 10:19:09
1027,2,20,2002,627,clmgm,621,42.884319,-78.877174,1596118809,2020-07-30 10:20:09
1027,2,20,2002,626,clmgm,621,42.885994,-78.876022,1596118927,2020-07-30 10:22:07
1027,2,20,2002,627,clmgm,621,42.885719,-78.874794,1596118986,2020-07-30 10:23:06
1027,2,20,2002,626,clmgm,621,42.884922,-78.871513,1596119106,2020-07-30 10:25:06
1027,2,20,2002,627,clmgm,621,42.884838,-78.871178,1596119166,2020-07-30 10:26:06
1027,2,20,2002,628,clmgm,621,42.884319,-78.868202,1596119286,2020-07-30 10:28:06
1027,2,20,2002,635,cltfl,628,42.884041,-78.866753,1596119297,2020-07-30 10:28:17
1027,2,20,2002,634,cltfl,628,42.883549,-78.86377,1596119345,2020-07-30 10:29:05
1027,2,20,2002,634,cltfl,628,42.882393,-78.857262,1596119405,2020-07-30 10:30:05
1027,2,20,2002,634,cltfl,628,42.881817,-78.854095,1596119464,2020-07-30 10:31:04
1027,2,20,2002,633,cltfl,628,42.880493,-78.846245,1596119523,2020-07-30 10:32:03
1027,2,20,2002,637,cltba,633,42.878571,-78.837013,1596119582,2020-07-30 10:33:02
1027,2,20,2002,636,cltba,633,42.876068,-78.830574,1596119641,2020-07-30 10:34:01
1027,2,20,2002,636,cltba,633,42.874306,-78.826027,1596119699,2020-07-30 10:34:59
1027,2,20,2002,636,cltba,633,42.872051,-78.820297,1596119759,2020-07-30 10:35:59
1027,2,20,2002,641,fern,638,42.871941,-78.816498,1596119818,2020-07-30 10:36:58
1027,2,20,2002,641,fern,638,42.871834,-78.810173,1596119877,2020-07-30 10:37:57
1027,2,20,2002,640,fern,638,42.87175,-78.803253,1596119937,2020-07-30 10:38:57
1027,2,20,2002,647,cltun,646,42.871502,-78.792755,1596119999,2020-07-30 10:39:59
1027,2,20,2002,647,cltun,646,42.866333,-78.787247,1596120113,2020-07-30 10:41:53
1027,2,20,2002,647,cltun,646,42.862015,-78.781212,1596120173,2020-07-30 10:42:53
1027,2,20,2002,646,cltun,646,42.853546,-78.760445,1596120290,2020-07-30 10:44:50
1027,2,20,2002,646,cltun,646,42.8536,-78.755157,1596120349,2020-07-30 10:45:49
1027,2,20,2002,656,trfrh,655,42.857807,-78.754524,1596120469,2020-07-30 10:47:49
1027,2,20,2002,656,trfrh,655,42.864105,-78.754303,1596120527,2020-07-30 10:48:47
1027,2,20,2002,655,trfrh,655,42.868176,-78.746971,1596120586,2020-07-30 10:49:46
1027,2,20,2002,655,trfrh,655,42.867844,-78.732452,1596120644,2020-07-30 10:50:44
1027,2,20,2002,655,trfrh,655,42.867764,-78.725639,1596120704,2020-07-30 10:51:44
1027,2,20,2002,655,trfrh,655,42.867764,-78.711494,1596120764,2020-07-30 10:52:44
1027,2,20,2002,655,trfrh,655,42.867764,-78.709526,1596120823,2020-07-30 10:53:43
1027,2,20,2002,655,trfrh,655,42.867874,-78.699547,1596120882,2020-07-30 10:54:42
1027,2,20,2002,659,fltbk,659,42.866692,-78.69709,1596120964,2020-07-30 10:56:04
1027,2,20,2002,9999,fltbk,659,42.860668,-78.69709,1596121001,2020-07-30 10:56:41
1027,2,20,2002,9999,fltbk,659,42.859291,-78.69709,1596121060,2020-07-30 10:57:40
1027,2,20,2002,9999,fltbk,659,42.854149,-78.69709,1596121120,2020-07-30 10:58:40
1027,2,20,2002,9999,fltbk,659,42.848869,-78.697876,1596121170,2020-07-30 10:59:30
1027,2,20,2002,659,fltbk,659,42.848869,-78.697876,1596121313,2020-07-30 11:01:53
1027,2,20,2002,642,fltbk,659,42.848869,-78.697876,1596121357,2020-07-30 11:02:37
1027,2,20,2002,644,fltbk,659,42.848869,-78.697876,1596121476,2020-07-30 11:04:36
1027,2,20,2002,645,fltbk,659,42.848869,-78.697876,1596121535,2020-07-30 11:05:35
1027,2,20,2002,646,fltbk,659,42.848869,-78.697876,1596121594,2020-07-30 11:06:34
1027,2,20,2002,647,fltbk,659,42.848869,-78.697876,1596121653,2020-07-30 11:07:33
1027,2,20,2002,648,fltbk,659,42.848896,-78.697914,1596121711,2020-07-30 11:08:31
1027,2,20,2002,649,fltbk,659,42.848896,-78.697914,1596121770,2020-07-30 11:09:30
1027,2,20,2002,650,fltbk,659,42.848869,-78.697914,1596121828,2020-07-30 11:10:28
1027,2,20,2002,651,fltbk,659,42.848869,-78.697876,1596121887,2020-07-30 11:11:27
1027,2,20,2002,652,fltbk,659,42.848869,-78.697876,1596121946,2020-07-30 11:12:26
1027,2,20,2002,653,fltbk,659,42.848869,-78.697876,1596122006,2020-07-30 11:13:26
1027,2,20,2002,654,fltbk,659,42.848869,-78.697876,1596122066,2020-07-30 11:14:26
1027,2,20,2002,9999,fltbk,659,42.848869,-78.697876,1596122125,2020-07-30 11:15:25
1027,2,20,2002,9999,fltbk,659,42.848896,-78.697876,1596122184,2020-07-30 11:16:24
1027,2,20,2002,9999,fltbk,659,42.848869,-78.697876,1596122243,2020-07-30 11:17:23
1027,2,20,2002,9999,fltbk,659,42.848869,-78.697876,1596122303,2020-07-30 11:18:23
1027,2,20,2002,9999,fltbk,659,42.848869,-78.697876,1596122362,2020-07-30 11:19:22
1027,2,20,2002,9999,fltbk,659,42.848869,-78.697876,1596122480,2020-07-30 11:21:20
1027,2,20,2002,9999,fltbk,659,42.848869,-78.697876,1596122539,2020-07-30 11:22:19
1027,2,20,2002,9999,fltbk,659,42.848869,-78.697876,1596122658,2020-07-30 11:24:18
1027,2,20,2002,9999,fltbk,659,42.848869,-78.697876,1596122718,2020-07-30 11:25:18
1027,2,20,2002,9999,fltbk,659,42.848869,-78.697876,1596122806,2020-07-30 11:26:46
1027,2,20,2002,9999,fltbk,659,42.848869,-78.697876,1596122836,2020-07-30 11:27:16
1027,2,20,2002,9999,fltbk,659,42.847523,-78.69709,1596122896,2020-07-30 11:28:16
1027,2,19,2002,692,trfrh,685,42.854149,-78.696869,1596122955,2020-07-30 11:29:15
1027,2,19,2002,692,trfrh,685,42.859898,-78.696869,1596123015,2020-07-30 11:30:15
1027,2,19,2002,692,trfrh,685,42.867844,-78.696945,1596123133,2020-07-30 11:32:13
1027,2,19,2002,9999,trfrh,685,42.868176,-78.698135,1596123192,2020-07-30 11:33:12
1027,2,19,2002,9999,trfrh,685,42.867901,-78.707626,1596123251,2020-07-30 11:34:11
1027,2,19,2002,9999,trfrh,685,42.868038,-78.735092,1596123369,2020-07-30 11:36:09
1027,2,19,2002,9999,trfrh,685,42.868065,-78.736694,1596123405,2020-07-30 11:36:45
1027,2,19,2002,9999,trfrh,685,42.868229,-78.74295,1596123487,2020-07-30 11:38:07
1027,2,19,2002,9999,trfrh,685,42.868313,-78.747643,1596123546,2020-07-30 11:39:06
1027,2,19,2002,9999,trfrh,685,42.862125,-78.754601,1596123664,2020-07-30 11:41:04
1027,2,19,2002,9999,trfrh,685,42.855331,-78.754822,1596123705,2020-07-30 11:41:45
1027,2,19,2002,9999,trfrh,685,42.853657,-78.754822,1596123723,2020-07-30 11:42:03
1027,2,19,2002,9999,trfrh,685,42.854671,-78.771835,1596123841,2020-07-30 11:44:01
1027,2,19,2002,9999,trfrh,685,42.859238,-78.777679,1596123899,2020-07-30 11:44:59
1027,2,19,2002,9999,trfrh,685,42.864464,-78.786797,1596123958,2020-07-30 11:45:58
1027,2,19,2002,9999,trfrh,685,42.869438,-78.787315,1596124017,2020-07-30 11:46:57
1027,2,19,2002,9999,trfrh,685,42.871586,-78.791451,1596124076,2020-07-30 11:47:56
1027,2,19,2002,9999,trfrh,685,42.87175,-78.799156,1596124134,2020-07-30 11:48:54
1027,2,19,2002,9999,trfrh,685,42.871834,-78.804291,1596124193,2020-07-30 11:49:53
1027,2,19,2002,9999,trfrh,685,42.871941,-78.812408,1596124251,2020-07-30 11:50:51
1027,2,19,2002,9999,trfrh,685,42.871998,-78.812775,1596124304,2020-07-30 11:51:44
1027,2,19,2002,9999,trfrh,685,42.872082,-78.819328,1596124368,2020-07-30 11:52:48
1027,2,19,2002,9999,trfrh,685,42.872108,-78.819702,1596124427,2020-07-30 11:53:47
1027,2,19,2002,9999,trfrh,685,42.873756,-78.82428,1596124487,2020-07-30 11:54:47
1027,2,19,2002,9999,trfrh,685,42.874912,-78.827332,1596124547,2020-07-30 11:55:47
1027,2,19,2002,9999,trfrh,685,42.876976,-78.832733,1596124604,2020-07-30 11:56:44
1027,2,19,2002,9999,trfrh,685,42.879284,-78.838875,1596124665,2020-07-30 11:57:45
1027,2,19,2002,9999,trfrh,685,42.880798,-78.847656,1596124724,2020-07-30 11:58:44
1027,2,19,2002,9999,trfrh,685,42.882366,-78.856514,1596124843,2020-07-30 12:00:43
1027,2,19,2002,9999,trfrh,685,42.882778,-78.858894,1596124901,2020-07-30 12:01:41
1027,2,19,2002,9999,trfrh,685,42.884373,-78.868019,1596125019,2020-07-30 12:03:39
1027,2,19,2002,9999,trfrh,685,42.885143,-78.868019,1596125077,2020-07-30 12:04:37
1027,2,19,2002,9999,trfrh,685,42.88583,-78.871407,1596125195,2020-07-30 12:06:35
1027,2,19,2002,9999,trfrh,685,42.885857,-78.872261,1596125203,2020-07-30 12:06:43
1027,2,19,2002,9999,trfrh,685,42.885914,-78.874084,1596125255,2020-07-30 12:07:35
1027,2,19,2002,9999,trfrh,685,42.885994,-78.875313,1596125315,2020-07-30 12:08:35
1027,2,19,2002,9999,trfrh,685,42.886738,-78.8787,1596125374,2020-07-30 12:09:34
1027,2,19,2002,9999,trfrh,685,42.885254,-78.877174,1596125433,2020-07-30 12:10:33
1027,2,19,2002,9999,trfrh,685,42.885223,-78.877136,1596125491,2020-07-30 12:11:31
1027,2,19,2002,9999,trfrh,685,42.883465,-78.877434,1596125550,2020-07-30 12:12:30
1027,2,19,2002,9999,trfrh,685,42.883026,-78.875534,1596125609,2020-07-30 12:13:29
1027,2,19,2002,9999,trfrh,685,42.882751,-78.874603,1596125668,2020-07-30 12:14:28
1027,2,19,2002,9999,trfrh,685,42.883518,-78.872261,1596125746,2020-07-30 12:15:46
1027,2,19,2002,9999,trfrh,685,42.883659,-78.872368,1596125787,2020-07-30 12:16:27
1027,2,19,2002,9999,trfrh,685,42.883602,-78.872406,1596125847,2020-07-30 12:17:27
1027,2,19,2002,9999,trfrh,685,42.883602,-78.872444,1596125906,2020-07-30 12:18:26
1027,2,19,2002,9999,trfrh,685,42.883659,-78.872482,1596125965,2020-07-30 12:19:25
1027,2,19,2002,9999,trfrh,685,42.883713,-78.872482,1596126084,2020-07-30 12:21:24
1027,2,19,2002,9999,trfrh,685,42.883739,-78.87252,1596126203,2020-07-30 12:23:23
1027,2,19,2002,9999,trfrh,685,42.883739,-78.87252,1596126262,2020-07-30 12:24:22
1027,2,19,2002,9999,trfrh,685,42.883713,-78.872559,1596126382,2020-07-30 12:26:22
1027,2,19,2002,9999,trfrh,685,42.883713,-78.872559,1596126442,2020-07-30 12:27:22
1027,2,19,2002,9999,trfrh,685,42.883713,-78.872597,1596126501,2020-07-30 12:28:21
1027,2,19,2002,9999,trfrh,685,42.883686,-78.872559,1596126561,2020-07-30 12:29:21
1027,2,19,2002,9999,trfrh,685,42.883686,-78.872597,1596126621,2020-07-30 12:30:21
1027,2,19,2002,9999,trfrh,685,42.883686,-78.872597,1596126680,2020-07-30 12:31:20
1027,2,19,2002,9999,trfrh,685,42.883686,-78.872597,1596126740,2020-07-30 12:32:20
1027,2,19,2002,9999,trfrh,685,42.883659,-78.872597,1596126798,2020-07-30 12:33:18
1027,2,19,2002,9999,trfrh,685,42.883629,-78.872597,1596126856,2020-07-30 12:34:16
1027,2,19,2002,9999,trfrh,685,42.883629,-78.872635,1596126916,2020-07-30 12:35:16
1027,4,20,2002,768,bdmgn,763,42.88319,-78.874863,1596127036,2020-07-30 12:37:16
1027,4,20,2002,767,bdmgn,763,42.884151,-78.877251,1596127096,2020-07-30 12:38:16
1027,4,20,2002,767,bdmgn,763,42.886105,-78.876762,1596127216,2020-07-30 12:40:16
1027,4,20,2002,767,bdmgn,763,42.885914,-78.875755,1596127275,2020-07-30 12:41:15
1027,4,20,2002,766,bdmgn,763,42.885143,-78.872185,1596127394,2020-07-30 12:43:14
1027,4,20,2002,766,bdmgn,763,42.886051,-78.870811,1596127453,2020-07-30 12:44:13
1027,4,20,2002,767,bdmgn,763,42.886051,-78.870811,1596127512,2020-07-30 12:45:12
1027,4,20,2002,773,bdyfl,770,42.887234,-78.865524,1596127600,2020-07-30 12:46:40
1027,4,20,2002,772,bdyfl,770,42.888031,-78.861908,1596127629,2020-07-30 12:47:09
1027,4,20,2002,771,bdyfl,770,42.889736,-78.854134,1596127687,2020-07-30 12:48:07
1027,4,20,2002,771,bdyfl,770,42.890999,-78.848175,1596127746,2020-07-30 12:49:06
1027,4,20,2002,771,bdyfl,770,42.892071,-78.843262,1596127805,2020-07-30 12:50:05
1027,4,20,2002,771,bdyfl,770,42.892651,-78.84066,1596127864,2020-07-30 12:51:04
1027,4,20,2002,780,bdyba,779,42.893311,-78.837418,1596127926,2020-07-30 12:52:06
1027,4,20,2002,781,bdyba,779,42.893364,-78.837234,1596127983,2020-07-30 12:53:03
1027,4,20,2002,781,bdyba,779,42.894051,-78.834068,1596128042,2020-07-30 12:54:02
1027,4,20,2002,780,bdyba,779,42.89463,-78.830086,1596128101,2020-07-30 12:55:01
1027,4,20,2002,779,bdyba,779,42.896004,-78.820671,1596128219,2020-07-30 12:56:59
1027,4,20,2002,779,bdyba,779,42.8965,-78.816795,1596128278,2020-07-30 12:57:58
1027,4,20,2002,782,michl,782,42.897655,-78.807899,1596128397,2020-07-30 12:59:57
1027,4,20,2002,782,michl,782,42.898701,-78.799156,1596128457,2020-07-30 13:00:57
1027,4,20,2002,790,twyml,792,42.898426,-78.784042,1596128577,2020-07-30 13:02:57
1027,4,20,2002,789,twyml,792,42.906235,-78.784004,1596128637,2020-07-30 13:03:57
1027,4,20,2002,790,twyml,792,42.906647,-78.784042,1596128697,2020-07-30 13:04:57
1027,4,20,2002,789,twyml,792,42.904861,-78.780655,1596128757,2020-07-30 13:05:57
1027,4,20,2002,790,twyml,792,42.903759,-78.780991,1596128817,2020-07-30 13:06:57
1027,4,20,2002,789,twyml,792,42.901505,-78.78434,1596128876,2020-07-30 13:07:56
1027,4,20,2002,790,twyml,792,42.893501,-78.784752,1596128936,2020-07-30 13:08:56
1027,4,20,2002,791,twyml,792,42.885666,-78.784752,1596128996,2020-07-30 13:09:56
1027,4,20,2002,9999,twyml,792,42.884457,-78.786461,1596129055,2020-07-30 13:10:55
1027,1,20,4007,855,wmmgn,853,42.885666,-78.871964,1596132773,2020-07-30 14:12:53
1027,1,20,4007,854,wmmgn,853,42.885223,-78.868759,1596132832,2020-07-30 14:13:52
1027,1,20,4007,866,wmbck,864,42.884785,-78.866005,1596132949,2020-07-30 14:15:49
1027,1,20,4007,865,wmbck,864,42.884895,-78.858528,1596133008,2020-07-30 14:16:48
1027,1,20,4007,865,wmbck,864,42.885086,-78.85112,1596133126,2020-07-30 14:18:46
1027,1,20,4007,865,wmbck,864,42.885059,-78.849106,1596133185,2020-07-30 14:19:45
1027,1,20,4007,865,wmbck,864,42.884949,-78.8395,1596133304,2020-07-30 14:21:44
1027,1,20,4007,866,wmbck,864,42.884949,-78.839539,1596133364,2020-07-30 14:22:44
1027,1,20,4007,866,wmbck,864,42.884922,-78.83448,1596133424,2020-07-30 14:23:44
1027,1,20,4007,865,wmbck,864,42.884811,-78.827446,1596133483,2020-07-30 14:24:43
1027,1,20,4007,872,nolvj,871,42.884811,-78.822044,1596133551,2020-07-30 14:25:51
1027,1,20,4007,871,nolvj,871,42.884869,-78.814232,1596133603,2020-07-30 14:26:43
1027,1,20,4007,871,nolvj,871,42.886875,-78.814194,1596133663,2020-07-30 14:27:43
1027,1,20,4007,871,nolvj,871,42.889736,-78.81311,1596133723,2020-07-30 14:28:43
1027,1,20,4007,871,nolvj,871,42.889706,-78.80764,1596133783,2020-07-30 14:29:43
1027,1,20,4007,871,nolvj,871,42.889706,-78.805183,1596133843,2020-07-30 14:30:43
1027,1,20,4007,882,aptml,882,42.885334,-78.802582,1596133963,2020-07-30 14:32:43
1027,1,20,4007,882,aptml,882,42.884262,-78.797737,1596134022,2020-07-30 14:33:42
1027,1,20,4007,882,aptml,882,42.884178,-78.777641,1596134142,2020-07-30 14:35:42
1027,1,20,4007,882,aptml,882,42.884151,-78.777046,1596134202,2020-07-30 14:36:42
1027,1,20,4007,882,aptml,882,42.884098,-78.774666,1596134261,2020-07-30 14:37:41
1027,1,20,4007,882,aptml,882,42.883797,-78.762085,1596134321,2020-07-30 14:38:41
1027,1,20,4007,882,aptml,882,42.885086,-78.755013,1596134379,2020-07-30 14:39:39
1027,1,20,4007,903,aptml,903,42.888607,-78.75177,1596134523,2020-07-30 14:42:03
1027,1,20,4007,903,aptml,903,42.88858,-78.751213,1596134556,2020-07-30 14:42:36
1027,1,20,4007,903,aptml,903,42.88858,-78.751251,1596134615,2020-07-30 14:43:35
1027,1,20,4007,903,aptml,903,42.88858,-78.751213,1596134732,2020-07-30 14:45:32
1027,1,20,4007,903,aptml,903,42.88858,-78.751251,1596135142,2020-07-30 14:52:22
1027,1,20,4007,903,aptml,903,42.88858,-78.751213,1596135201,2020-07-30 14:53:21
1027,1,20,4007,903,aptml,903,42.888554,-78.751213,1596135498,2020-07-30 14:58:18
1027,1,20,4007,903,aptml,903,42.88858,-78.751213,1596135733,2020-07-30 15:02:13
1027,1,20,4007,904,aptml,903,42.888554,-78.751213,1596135850,2020-07-30 15:04:10
1027,1,20,4007,905,aptml,903,42.88858,-78.751213,1596135909,2020-07-30 15:05:09
1027,1,20,4007,906,aptml,903,42.888496,-78.750694,1596135968,2020-07-30 15:06:08
1027,1,19,4007,919,nolvj,916,42.888386,-78.753929,1596136026,2020-07-30 15:07:06
1027,1,19,4007,919,nolvj,916,42.886162,-78.754784,1596136085,2020-07-30 15:08:05
1027,1,19,4007,919,nolvj,916,42.883877,-78.761185,1596136145,2020-07-30 15:09:05
1027,1,19,4007,919,nolvj,916,42.883987,-78.765022,1596136204,2020-07-30 15:10:04
1027,1,19,4007,919,nolvj,916,42.884098,-78.767662,1596136264,2020-07-30 15:11:04
1027,1,19,4007,919,nolvj,916,42.884178,-78.774178,1596136323,2020-07-30 15:12:03
1027,1,19,4007,919,nolvj,916,42.884262,-78.776932,1596136382,2020-07-30 15:13:02
1027,1,19,4007,919,nolvj,916,42.884457,-78.787613,1596136499,2020-07-30 15:14:59
1027,1,19,4007,917,nolvj,916,42.884399,-78.799042,1596136559,2020-07-30 15:15:59
1027,1,19,4007,925,wmbck,924,42.88979,-78.805145,1596136678,2020-07-30 15:17:58
1027,1,19,4007,925,wmbck,924,42.889763,-78.808128,1596136738,2020-07-30 15:18:58
1027,1,19,4007,925,wmbck,924,42.888332,-78.814308,1596136857,2020-07-30 15:20:57
1027,1,19,4007,924,wmbck,924,42.885006,-78.814377,1596136916,2020-07-30 15:21:56
1027,1,19,4007,924,wmbck,924,42.884838,-78.818024,1596136975,2020-07-30 15:22:55
1027,1,19,4007,924,wmbck,924,42.884895,-78.82476,1596137034,2020-07-30 15:23:54
1027,1,19,4007,934,wmmgn,934,42.884922,-78.829529,1596137093,2020-07-30 15:24:53
1027,1,19,4007,934,wmmgn,934,42.884922,-78.829643,1596137152,2020-07-30 15:25:52
1027,1,19,4007,934,wmmgn,934,42.885033,-78.838608,1596137211,2020-07-30 15:26:51
1027,1,19,4007,934,wmmgn,934,42.885059,-78.842484,1596137270,2020-07-30 15:27:50
1027,1,19,4007,934,wmmgn,934,42.885086,-78.844749,1596137330,2020-07-30 15:28:50
1027,1,19,4007,934,wmmgn,934,42.885143,-78.848808,1596137390,2020-07-30 15:29:50
1027,1,19,4007,934,wmmgn,934,42.885197,-78.853539,1596137449,2020-07-30 15:30:49
1027,1,19,4007,934,wmmgn,934,42.885117,-78.855438,1596137508,2020-07-30 15:31:48
1027,1,19,4007,934,wmmgn,934,42.884949,-78.866714,1596137566,2020-07-30 15:32:46
1027,1,19,4007,944,tcbfl,945,42.885361,-78.86898,1596137586,2020-07-30 15:33:06
1027,1,19,4007,9999,tcbfl,945,42.885777,-78.871254,1596137684,2020-07-30 15:34:44
1027,1,19,4007,9999,tcbfl,945,42.885803,-78.872635,1596137743,2020-07-30 15:35:43
1027,1,19,4007,9999,tcbfl,945,42.88583,-78.87468,1596137863,2020-07-30 15:37:43
1027,1,19,4007,945,tcbfl,945,42.885883,-78.874794,1596137897,2020-07-30 15:38:17
1027,1,19,4007,945,tcbfl,945,42.886051,-78.87561,1596137923,2020-07-30 15:38:43
1027,1,19,4007,946,tcbfl,945,42.886379,-78.877396,1596138042,2020-07-30 15:40:42
1027,1,19,4007,946,tcbfl,945,42.886162,-78.878845,1596138101,2020-07-30 15:41:41
1027,1,19,4007,946,tcbfl,945,42.88517,-78.877098,1596138160,2020-07-30 15:42:40
1027,1,19,4007,946,tcbfl,945,42.883766,-78.877396,1596138218,2020-07-30 15:43:38
1027,1,19,4007,946,tcbfl,945,42.883274,-78.876541,1596138277,2020-07-30 15:44:37
1027,1,19,4007,947,tcbfl,945,42.883053,-78.875496,1596138338,2020-07-30 15:45:38
1027,1,19,4007,950,tcbfl,950,42.883274,-78.87252,1596138418,2020-07-30 15:46:58
1027,1,19,4007,950,tcbfl,950,42.883575,-78.872261,1596138457,2020-07-30 15:47:37
1027,1,19,4007,950,tcbfl,950,42.883575,-78.872299,1596138517,2020-07-30 15:48:37
1027,1,19,4007,950,tcbfl,950,42.883602,-78.872337,1596138575,2020-07-30 15:49:35
1027,1,19,4007,950,tcbfl,950,42.883629,-78.872368,1596138634,2020-07-30 15:50:34
1027,1,19,4007,951,tcbfl,950,42.883659,-78.872368,1596138693,2020-07-30 15:51:33
1027,1,19,4007,952,tcbfl,950,42.883686,-78.872368,1596138753,2020-07-30 15:52:33
1027,4,20,4007,967,bdmgn,963,42.883053,-78.872856,1596138872,2020-07-30 15:54:32
1027,4,20,4007,967,bdmgn,963,42.883106,-78.873894,1596138930,2020-07-30 15:55:30
1027,4,20,4007,967,bdmgn,963,42.883465,-78.877281,1596139047,2020-07-30 15:57:27
1027,4,20,4007,967,bdmgn,963,42.884483,-78.877098,1596139106,2020-07-30 15:58:26
1027,4,20,4007,966,bdmgn,963,42.885883,-78.875755,1596139225,2020-07-30 16:00:25
1027,4,20,4007,966,bdmgn,963,42.885746,-78.874863,1596139285,2020-07-30 16:01:25
1027,4,20,4007,967,bdmgn,963,42.885254,-78.873596,1596139345,2020-07-30 16:02:25
1027,4,20,4007,965,bdmgn,963,42.886021,-78.870995,1596139403,2020-07-30 16:03:23
1027,4,20,4007,9999,bdyfl,971,42.887451,-78.864403,1596139461,2020-07-30 16:04:21
1027,4,20,4007,9999,bdyfl,971,42.889462,-78.855286,1596139520,2020-07-30 16:05:20
1027,4,20,4007,9999,bdyfl,971,42.88979,-78.853683,1596139584,2020-07-30 16:06:24
1027,4,20,4007,9999,bdyfl,971,42.891411,-78.846313,1596139638,2020-07-30 16:07:18
1027,4,20,4007,9999,bdyfl,971,42.892101,-78.843117,1596139721,2020-07-30 16:08:41
1027,4,20,4007,970,bdyfl,971,42.892841,-78.839798,1596139756,2020-07-30 16:09:16
1027,4,20,4007,970,bdyfl,971,42.893173,-78.838089,1596139815,2020-07-30 16:10:15
1027,4,20,4007,980,bdyba,980,42.893337,-78.837341,1596139875,2020-07-30 16:11:15
1027,4,20,4007,980,bdyba,980,42.893723,-78.835556,1596139934,2020-07-30 16:12:14
1027,4,20,4007,980,bdyba,980,42.894821,-78.829155,1596140054,2020-07-30 16:14:14
1027,4,20,4007,979,bdyba,980,42.895565,-78.823906,1596140114,2020-07-30 16:15:14
1027,4,20,4007,980,bdyba,980,42.896034,-78.820335,1596140231,2020-07-30 16:17:11
1027,4,20,4007,980,bdyba,980,42.896473,-78.817093,1596140290,2020-07-30 16:18:10
1027,4,20,4007,983,michl,983,42.897324,-78.810394,1596140385,2020-07-30 16:19:45
1027,4,20,4007,982,michl,983,42.897491,-78.804924,1596140410,2020-07-30 16:20:10
1027,4,20,4007,1003,michl,1004,42.899139,-78.795616,1596140475,2020-07-30 16:21:15
1027,4,20,4007,1004,michl,1004,42.899086,-78.794983,1596140529,2020-07-30 16:22:09
1027,4,20,4007,1004,michl,1004,42.899113,-78.794983,1596141049,2020-07-30 16:30:49
1027,4,20,4007,1004,michl,1004,42.899086,-78.794983,1596141167,2020-07-30 16:32:47
1027,4,20,4007,1005,michl,1004,42.899086,-78.794983,1596141935,2020-07-30 16:45:35
1027,4,20,4007,1006,michl,1004,42.899086,-78.794983,1596141994,2020-07-30 16:46:34
1027,4,20,4007,1007,michl,1004,42.899086,-78.794983,1596142054,2020-07-30 16:47:34
1027,4,19,4007,1012,bdyba,1008,42.899059,-78.797409,1596142123,2020-07-30 16:48:43
1027,4,19,4007,1011,bdyba,1008,42.897766,-78.805855,1596142172,2020-07-30 16:49:32
1027,4,19,4007,1017,bdyfl,1017,42.896389,-78.818695,1596142231,2020-07-30 16:50:31
1027,4,19,4007,1018,bdyfl,1017,42.896362,-78.818886,1596142290,2020-07-30 16:51:30
1027,4,19,4007,1018,bdyfl,1017,42.89595,-78.821976,1596142349,2020-07-30 16:52:29
1027,4,19,4007,1018,bdyfl,1017,42.895592,-78.824577,1596142408,2020-07-30 16:53:28
1027,4,19,4007,1017,bdyfl,1017,42.894382,-78.832542,1596142467,2020-07-30 16:54:27
1027,4,19,4007,1017,bdyfl,1017,42.893173,-78.838837,1596142585,2020-07-30 16:56:25
1027,4,19,4007,1024,bdmgn,1024,42.891964,-78.844307,1596142643,2020-07-30 16:57:23
1027,4,19,4007,1022,bdmgn,1024,42.888966,-78.858078,1596142762,2020-07-30 16:59:22
1027,4,19,4007,1022,bdmgn,1024,42.887894,-78.862953,1596142821,2020-07-30 17:00:21
1027,4,19,4007,1023,bdmgn,1024,42.886986,-78.867088,1596142940,2020-07-30 17:02:20
1027,4,19,4007,1034,tcbfl,1035,42.886654,-78.868576,1596142958,2020-07-30 17:02:38
1027,4,19,4007,9999,tcbfl,1035,42.886627,-78.868683,1596142999,2020-07-30 17:03:19
1027,4,19,4007,9999,tcbfl,1035,42.886242,-78.870438,1596143058,2020-07-30 17:04:18
1027,4,19,4007,9999,tcbfl,1035,42.88583,-78.873077,1596143116,2020-07-30 17:05:16
1027,4,19,4007,9999,tcbfl,1035,42.885914,-78.874161,1596143174,2020-07-30 17:06:14
1027,4,19,4007,9999,tcbfl,1035,42.886299,-78.877281,1596143233,2020-07-30 17:07:13
1027,4,19,4007,9999,tcbfl,1035,42.883961,-78.877357,1596143291,2020-07-30 17:08:11
1027,4,19,4007,9999,tcbfl,1035,42.883797,-78.877434,1596143351,2020-07-30 17:09:11
1027,4,19,4007,9999,tcbfl,1035,42.883411,-78.877396,1596143409,2020-07-30 17:10:09
1027,4,19,4007,9999,tcbfl,1035,42.883301,-78.876503,1596143468,2020-07-30 17:11:08
1027,4,19,4007,9999,tcbfl,1035,42.883053,-78.875496,1596143527,2020-07-30 17:12:07
1027,4,19,4007,9999,tcbfl,1035,42.883026,-78.875496,1596143586,2020-07-30 17:13:06
1027,4,19,4007,9999,tcbfl,1035,42.882504,-78.873039,1596143644,2020-07-30 17:14:04
1027,4,19,4007,9999,tcbfl,1035,42.883438,-78.872482,1596143703,2020-07-30 17:15:03
1027,4,19,4007,9999,tcbfl,1035,42.883549,-78.872665,1596143784,2020-07-30 17:16:24
1027,4,19,4007,9999,tcbfl,1035,42.883575,-78.87278,1596143938,2020-07-30 17:18:58
1027,4,19,4007,9999,tcbfl,1035,42.883549,-78.872742,1596143997,2020-07-30 17:19:57
1027,4,19,4007,9999,tcbfl,1035,42.883575,-78.87278,1596144115,2020-07-30 17:21:55
1027,4,19,4007,9999,tcbfl,1035,42.883602,-78.87278,1596144233,2020-07-30 17:23:53
1027,4,19,4007,9999,tcbfl,1035,42.883629,-78.87278,1596144351,2020-07-30 17:25:51
1027,4,19,4007,9999,tcbfl,1035,42.883659,-78.872742,1596144441,2020-07-30 17:27:21
1027,4,19,4007,1037,tcbfl,1035,42.883629,-78.872742,1596144469,2020-07-30 17:27:49
1027,4,19,4007,1038,tcbfl,1035,42.883602,-78.872704,1596144529,2020-07-30 17:28:49
1027,4,20,4007,1061,bdmgn,1058,42.883163,-78.873894,1596144590,2020-07-30 17:29:50
1027,4,20,4007,1061,bdmgn,1058,42.883381,-78.876167,1596144648,2020-07-30 17:30:48
1027,4,20,4007,1061,bdmgn,1058,42.884209,-78.877251,1596144707,2020-07-30 17:31:47
1027,4,20,4007,1059,bdmgn,1058,42.886105,-78.876877,1596144766,2020-07-30 17:32:46
1027,4,20,4007,1059,bdmgn,1058,42.885883,-78.875534,1596144825,2020-07-30 17:33:45
1027,4,20,4007,1060,bdmgn,1058,42.885719,-78.87468,1596144885,2020-07-30 17:34:45
1027,4,20,4007,1061,bdmgn,1058,42.885719,-78.874641,1596144944,2020-07-30 17:35:44
1027,4,20,4007,1060,bdmgn,1058,42.885117,-78.872444,1596145003,2020-07-30 17:36:43
1027,4,20,4007,1060,bdmgn,1058,42.886105,-78.870697,1596145122,2020-07-30 17:38:42
1027,4,20,4007,1059,bdmgn,1058,42.886822,-78.867424,1596145182,2020-07-30 17:39:42
1027,4,20,4007,1066,bdyfl,1065,42.887287,-78.865372,1596145196,2020-07-30 17:39:56
1027,4,20,4007,1065,bdyfl,1065,42.889679,-78.85424,1596145300,2020-07-30 17:41:40
1027,4,20,4007,1066,bdyfl,1065,42.889706,-78.854172,1596145359,2020-07-30 17:42:39
1027,4,20,4007,1065,bdyfl,1065,42.891933,-78.844048,1596145476,2020-07-30 17:44:36
1027,4,20,4007,1065,bdyfl,1065,42.892979,-78.839058,1596145535,2020-07-30 17:45:35
1027,4,20,4007,1075,bdyba,1074,42.893311,-78.837753,1596145596,2020-07-30 17:46:36
1027,4,20,4007,1075,bdyba,1074,42.893696,-78.835709,1596145652,2020-07-30 17:47:32
1027,4,20,4007,1075,bdyba,1074,42.894356,-78.832283,1596145711,2020-07-30 17:48:31
1027,4,20,4007,1074,bdyba,1074,42.894905,-78.82856,1596145770,2020-07-30 17:49:30
1027,4,20,4007,1074,bdyba,1074,42.895565,-78.823906,1596145829,2020-07-30 17:50:29
1027,4,20,4007,1074,bdyba,1074,42.895729,-78.822975,1596145887,2020-07-30 17:51:27
1027,4,20,4007,1074,bdyba,1074,42.896034,-78.820374,1596145946,2020-07-30 17:52:26
1027,4,20,4007,1075,bdyba,1074,42.896004,-78.820297,1596146005,2020-07-30 17:53:25
1027,4,20,4007,1074,bdyba,1074,42.896774,-78.814568,1596146064,2020-07-30 17:54:24
1027,4,20,4007,1077,michl,1077,42.897682,-78.80764,1596146123,2020-07-30 17:55:23
1027,4,20,4007,1077,michl,1077,42.898342,-78.801987,1596146182,2020-07-30 17:56:22
1027,4,20,4007,1077,michl,1077,42.899303,-78.794319,1596146240,2020-07-30 17:57:20
1027,4,20,4007,1086,twyml,1087,42.899883,-78.783524,1596146299,2020-07-30 17:58:19
1027,4,20,4007,1085,twyml,1087,42.902935,-78.784081,1596146357,2020-07-30 17:59:17
1027,4,20,4007,1085,twyml,1087,42.90662,-78.780769,1596146474,2020-07-30 18:01:14
1027,4,20,4007,1085,twyml,1087,42.904171,-78.780396,1596146533,2020-07-30 18:02:13
1027,4,20,4007,1086,twyml,1088,42.902576,-78.783821,1596146656,2020-07-30 18:04:16
1027,4,20,4007,1087,twyml,1088,42.901642,-78.78434,1596146743,2020-07-30 18:05:43
1027,4,20,4007,1087,twyml,1088,42.886902,-78.784859,1596146825,2020-07-30 18:07:05
1027,4,20,4007,1087,twyml,1088,42.88451,-78.791267,1596146883,2020-07-30 18:08:03
1027,4,20,4007,1087,twyml,1088,42.884785,-78.81192,1596147001,2020-07-30 18:10:01
